1.000000000 0.000000000 0.000000000 0.000000000 0.000000000 1.000000000 0.000000000 0.000000000 0.000000000 0.000000000 1.000000000 0.000000000
1.000000000 0.000000000 0.000000000 0.000000000 0.000000000 1.000000000 0.000000000 0.000000000 0.000000000 0.000000000 1.000000000 0.000000000
1.000000000 0.000000000 0.000000000 0.000000000 0.000000000 1.000000000 0.000000000 0.000000000 0.000000000 0.000000000 1.000000000 0.000000000
1.000000000 0.000000000 0.000000000 0.000000000 0.000000000 1.000000000 0.000000000 0.000000000 0.000000000 0.000000000 1.000000000 0.000000000
0.999935737 0.003164164 -0.010886263 -0.087838503 -0.002846905 0.999574308 0.029036139 0.085690019 0.010973504 -0.029003281 0.999519080 0.217810969
0.999898863 0.001736904 -0.014115457 -0.090936293 -0.001324948 0.999574408 0.029141856 0.111718822 0.014160066 -0.029120206 0.999475616 0.278809120
0.999847333 0.002075693 -0.017349393 -0.093382459 -0.001536595 0.999517311 0.031028757 0.129649892 0.017405425 -0.030997361 0.999367908 0.338863342
0.999801491 0.004458363 -0.019419121 -0.124130181 -0.003804810 0.999429361 0.033563013 0.144892588 0.019557676 -0.033482465 0.999247928 0.387364207
0.999709471 0.005444754 -0.023480398 -0.144312744 -0.004450879 0.999100353 0.042174323 0.174411753 0.023688903 -0.042057562 0.998834319 0.437851072
0.999695309 0.009468296 -0.022795612 -0.173972562 -0.008288077 0.998647710 0.051323079 0.208433934 0.023250728 -0.051118509 0.998421906 0.495597127
0.998922812 0.007545942 -0.045785095 -0.015429712 -0.006340962 0.999631175 0.026406560 0.370983963 0.045967471 -0.026087794 0.998602232 0.557787263
0.998994988 0.012499705 -0.043043820 -0.017417453 -0.011084717 0.999395319 0.032956428 0.382638475 0.043429738 -0.032446178 0.998529470 0.620525065
0.998886780 0.015453965 -0.044568770 0.004384401 -0.013676849 0.999109811 0.039906506 0.354297066 0.045145809 -0.039252521 0.998208944 0.700015561
0.999159699 0.012842533 -0.038922565 -0.001818261 -0.011498222 0.999336225 0.034567324 0.347379606 0.039340661 -0.034090737 0.998644148 0.764950387
0.999460783 0.010866849 -0.030984759 -0.043665147 -0.010229609 0.999734408 0.020651105 0.412849787 0.031200942 -0.020323008 0.999306498 0.796761242
0.999319416 0.008574808 -0.035877255 -0.037634674 -0.007412309 0.999447153 0.032410597 0.397245124 0.036135335 -0.032122605 0.998830504 0.903974425
0.999284491 0.006745010 -0.037215726 -0.037522485 -0.005527791 0.999449480 0.032713614 0.403227606 0.037415892 -0.032484486 0.998771650 0.973924232
0.999280570 0.003131153 -0.037796010 -0.038156299 -0.002011764 0.999559255 0.029618380 0.448484731 0.037872091 -0.029521035 0.998846441 1.030779920
0.999385675 0.007752510 -0.034178530 -0.034022336 -0.006675377 0.999480920 0.031517140 0.462316103 0.034405125 -0.031269623 0.998918664 1.099518634
0.999446632 0.005836104 -0.032747050 -0.016080037 -0.004638628 0.999321974 0.036524984 0.464442892 0.032938010 -0.036352871 0.998796053 1.167394195
0.999612772 0.008419337 -0.026522069 -0.013701999 -0.007378383 0.999207871 0.039104870 0.471744915 0.026830298 -0.038894037 0.998883071 1.235617466
0.999713147 0.012795178 -0.020246144 -0.024277395 -0.012081995 0.999315531 0.034964205 0.495135438 0.020679659 -0.034709561 0.999183466 1.301770126
0.999724597 0.014635108 -0.018345115 -0.024514985 -0.014018785 0.999347546 0.033285975 0.511423660 0.018820290 -0.033019631 0.999277489 1.361633408
0.999755756 0.019987698 -0.009429707 -0.080023916 -0.019681730 0.999310118 0.031494734 0.518429888 0.010052709 -0.031301449 0.999459435 1.392709438
0.999607934 0.019751410 -0.019845889 -0.098853076 -0.019064914 0.999232991 0.034204669 0.525793826 0.020506258 -0.033812899 0.999217785 1.422004761
0.999346737 0.014516214 -0.033096497 -0.097782158 -0.013351721 0.999293265 0.035138316 0.543781768 0.033583182 -0.034673466 0.998834281 1.479535337
0.998903630 0.009495429 -0.045840744 -0.097435912 -0.007734835 0.999231261 0.038432524 0.557341437 0.046170438 -0.038035817 0.998209180 1.533945342
0.998465900 0.005432289 -0.055102957 -0.078983162 -0.003402784 0.999314708 0.036858310 0.564806691 0.055265420 -0.036614262 0.997800145 1.597347912
0.998542374 0.001729949 -0.053945659 -0.083315599 0.000374105 0.999240360 0.038968740 0.568157128 0.053972094 -0.038932120 0.997783194 1.631927328
0.998473037 -0.001529539 -0.055220060 -0.078989112 0.003879430 0.999090085 0.042472960 0.577002114 0.055104850 -0.042622327 0.997570445 1.684183053
0.998746157 -0.001243006 -0.050045665 -0.088035420 0.003275577 0.999172026 0.040552834 0.606775677 0.049953821 -0.040665915 0.997923293 1.711996923
0.998778738 -0.003078212 -0.049310814 -0.094084357 0.005530852 0.998749900 0.049679438 0.628835378 0.049096247 -0.049891498 0.997547190 1.747507479
0.998699450 -0.009698332 -0.050053482 -0.092749041 0.012965110 0.997777552 0.065359492 0.635537822 0.049308363 -0.065923437 0.996605632 1.794432155
0.997280320 -0.015663604 -0.072018156 -0.113709472 0.023096631 0.994354364 0.103566140 0.601997321 0.069989348 -0.104947850 0.992011814 1.848769420
0.996149610 -0.015597280 -0.086270967 -0.079177716 0.024468229 0.994406663 0.102745773 0.615472647 0.084185870 -0.104461059 0.990959447 1.869032467
0.996244484 -0.018979872 -0.084478942 -0.072650307 0.028249830 0.993538130 0.109926935 0.611976640 0.081846651 -0.111900618 0.990343060 1.877026134
0.996371809 -0.021437021 -0.082363054 -0.080046731 0.031008638 0.992676835 0.116752581 0.584531767 0.079257068 -0.118882947 0.989739947 1.870742445
0.996187097 -0.019911016 -0.084940090 -0.090725380 0.029782619 0.992734104 0.116584713 0.574997343 0.082001604 -0.118669925 0.989541907 1.848217056
0.995806896 -0.015554955 -0.090148042 -0.089306966 0.026113149 0.992770453 0.117153449 0.555280166 0.087673996 -0.119016262 0.989013852 1.829496846
0.995607516 -0.010640700 -0.093018541 -0.087317600 0.021234348 0.993293684 0.113651927 0.531411356 0.091185393 -0.115127901 0.989156606 1.797331333
0.995469243 -0.006945013 -0.094830128 -0.087541866 0.017007242 0.994250870 0.105716420 0.510118144 0.093550735 -0.106850243 0.989864276 1.756535057
0.995296450 -0.008268023 -0.096522623 -0.093758576 0.017576792 0.995226745 0.095993663 0.501526842 0.095268218 -0.097238710 0.990690971 1.703145393
0.994702507 -0.010842141 -0.102222163 -0.098171785 0.020284903 0.995571443 0.091793376 0.480181849 0.100774229 -0.093380668 0.990517342 1.653802162
0.993665106 -0.012324978 -0.111703861 -0.089166808 0.022012080 0.996059907 0.085907680 0.462405877 0.110204927 -0.087822298 0.990021271 1.601192781
0.992873592 -0.013194062 -0.118439631 -0.073840043 0.022913339 0.996444311 0.081078440 0.443088550 0.116948742 -0.083214490 0.989645563 1.546494461
0.992509652 -0.013035931 -0.121468745 -0.061065418 0.022359634 0.996878832 0.075714205 0.429476789 0.120102615 -0.077863076 0.989703341 1.490500657
0.992497787 -0.011475331 -0.121722883 -0.050427723 0.020451078 0.997140632 0.072748286 0.397406549 0.120540022 -0.074691877 0.989894553 1.432911782
0.992794201 -0.005285173 -0.119715252 -0.049466037 0.013103078 0.997824464 0.064611519 0.394733088 0.119113324 -0.065714580 0.990703593 1.357818391
0.993206523 0.000962921 -0.116360974 -0.049114452 0.006563129 0.997910448 0.064278012 0.390956420 0.116179726 -0.064605032 0.991124846 1.285309397
0.993658126 0.006851848 -0.112234489 -0.070065389 0.000854983 0.997652425 0.068475597 0.394999036 0.112440194 -0.068137292 0.991319581 1.211786326
0.992797582 0.013246790 -0.119069236 -0.066703975 -0.002765095 0.996137127 0.087767754 0.331404538 0.119771928 -0.086806376 0.988999160 1.166462315
0.992051897 0.017816772 -0.124561615 -0.068829538 -0.006579543 0.995915528 0.090049824 0.282197146 0.125657244 -0.088514540 0.988117115 1.090600018
0.991353659 0.019419324 -0.129772158 -0.061699268 -0.008363984 0.996328908 0.085198303 0.272361309 0.130950246 -0.083376237 0.987876731 1.014391917
0.990622608 0.021529604 -0.134919700 -0.044744416 -0.010232972 0.996424230 0.083869186 0.238641874 0.136242929 -0.081702083 0.987300681 0.946873123
0.990143304 0.023643343 -0.138047926 -0.015643019 -0.012892110 0.996849514 0.078261359 0.201577231 0.139463368 -0.075710231 0.987328684 0.883023734
0.990744085 0.025779169 -0.133272623 0.003985879 -0.017479045 0.997855499 0.063078412 0.194513926 0.134612928 -0.060165086 0.989070029 0.803669000
0.991824157 0.030574411 -0.123895307 0.013183708 -0.023992595 0.998237877 0.054272432 0.194862353 0.125336336 -0.050856139 0.990810000 0.720664380
0.992898793 0.031282618 -0.114775366 0.034187557 -0.025671444 0.998416977 0.050045158 0.164933131 0.116159218 -0.046743328 0.992130081 0.670304249
0.994165988 0.032110674 -0.102970346 0.030568347 -0.027971667 0.998751384 0.041391530 0.142817532 0.104170886 -0.038269799 0.993822846 0.599794536
0.994801989 0.033373359 -0.096204064 0.028320438 -0.030358710 0.999006271 0.032631564 0.134325710 0.097197488 -0.029541314 0.994826598 0.529869431
0.995295482 0.032864873 -0.091141673 0.030808362 -0.030815023 0.999241521 0.023807908 0.121322612 0.091854988 -0.020887370 0.995553303 0.468725385
0.995705442 0.032945451 -0.086517453 0.033094851 -0.031878053 0.999397999 0.013690504 0.115301163 0.086916409 -0.010873701 0.996156263 0.403461533
0.996070423 0.034157592 -0.081712732 0.038990690 -0.033947529 0.999415775 0.003959079 0.112405814 0.081800226 -0.001169576 0.996648060 0.340421091
0.996540358 0.033694125 -0.075973819 0.046578029 -0.034102428 0.999410003 -0.004082988 0.108614752 0.075791422 0.006659754 0.997101453 0.282418894
0.997108508 0.033846353 -0.068037110 0.054059473 -0.034527440 0.999364482 -0.008859306 0.097450046 0.067694016 0.011182836 0.997643456 0.223037689
0.997767741 0.033054784 -0.058025142 0.052479994 -0.033852765 0.999344561 -0.012823366 0.094420350 0.057563236 0.014759052 0.998232761 0.169749859
0.998289190 0.032519090 -0.048592202 0.035879860 -0.033337646 0.999313964 -0.016130807 0.092897338 0.048034307 0.017723160 0.998688437 0.116313414
0.998551523 0.032052912 -0.043214190 0.010670221 -0.032868295 0.999292295 -0.018291634 0.099207939 0.042597307 0.019685515 0.998898368 0.065151575
0.998541882 0.031011722 -0.044185783 -0.008597403 -0.031809274 0.999341399 -0.017462511 0.093141555 0.043615139 0.018842566 0.998870701 0.020135974
0.998367391 0.028326518 -0.049600011 -0.010152544 -0.029213538 0.999424326 -0.017250666 0.070758103 0.049082806 0.018671495 0.998620175 -0.021229617
0.998128981 0.026434618 -0.055133904 0.004082647 -0.027762910 0.999339045 -0.023466851 0.061342000 0.054477125 0.024953622 0.998203165 -0.067667998
0.998042410 0.025129643 -0.057269970 0.032926880 -0.026895620 0.999179640 -0.030276617 0.034278929 0.056462148 0.031757659 0.997899533 -0.110142514
0.998340082 0.019702753 -0.054119143 0.086310011 -0.022157937 0.998734570 -0.045147366 -0.010607732 0.053161131 0.046271594 0.997513325 -0.139825894
0.999023619 0.017648323 -0.040501177 0.104234881 -0.020476722 0.997300334 -0.070517716 0.000673573 0.039147318 0.071278195 0.996687968 -0.193915765
0.999553393 0.014541224 -0.026106858 0.119619593 -0.016898768 0.995570998 -0.092481452 -0.015008546 0.024646437 0.092881323 0.995372098 -0.233072869
0.999903129 0.010519048 -0.009114916 0.109637051 -0.011547014 0.992555151 -0.121247427 -0.013441207 0.007771650 0.121340932 0.992580465 -0.295631513
0.999948197 0.008902647 0.004934171 0.114026019 -0.008061746 0.988648895 -0.150027899 0.009785457 -0.006213808 0.149980349 0.988669451 -0.351982065
0.999723342 0.007539078 0.022280080 0.094241943 -0.003513848 0.984480784 -0.175457227 0.024810412 -0.023257096 0.175330397 0.984234911 -0.412708719
0.999402290 0.003176229 0.034423462 0.114216326 0.003707839 0.980177138 -0.198088442 0.048825898 -0.034370265 0.198097679 0.979579499 -0.455894380
0.998786712 0.000732775 0.049239892 0.102530046 0.009881651 0.976569907 -0.214973415 0.070881021 -0.048243724 0.215199162 0.975377806 -0.497381179
0.998372371 -0.000903078 0.057024490 0.085870989 0.013807913 0.973954728 -0.226321736 0.092607822 -0.055334885 0.226740758 0.972381962 -0.530048588
0.998304506 -0.004945018 0.057997074 0.097662971 0.018202559 0.972933933 -0.230365426 0.105644895 -0.055288160 0.231030538 0.971374341 -0.532800198
0.998210893 -0.005485094 0.059539291 0.099525959 0.019162795 0.972604816 -0.231673606 0.109031385 -0.056637450 0.232400056 0.970969831 -0.530919325
0.998123609 -0.007758104 0.060737733 0.075797246 0.021743444 0.972200791 -0.233136964 0.158879830 -0.057240571 0.234020156 0.970545251 -0.509038216
0.998200804 -0.009247741 0.059242159 0.080957722 0.022283036 0.974485838 -0.223340139 0.164884721 -0.055665253 0.224258401 0.972938615 -0.478632014
0.998258457 -0.006493083 0.058633548 0.072106159 0.018814950 0.977059879 -0.212132012 0.172504768 -0.055911097 0.212865762 0.975480454 -0.441184068
0.998395123 -0.003659784 0.056513569 0.071412598 0.014793656 0.980114608 -0.197880021 0.169763241 -0.054665576 0.198398490 0.978595787 -0.387804552
0.998470465 -0.001194096 0.055274803 0.058042233 0.011403677 0.982716814 -0.184763685 0.153385119 -0.054098853 0.185111419 0.981227332 -0.332911667
0.998746079 0.002874466 0.049980072 0.044134310 0.005946983 0.984469148 -0.175456920 0.192388140 -0.049708184 0.175534141 0.983217607 -0.273810704
0.998881389 0.010703012 0.046058828 0.011884375 -0.003651044 0.988596184 -0.150546524 0.207705850 -0.047144882 0.150209958 0.987529406 -0.203658570
0.999111140 0.014283758 0.039659845 -0.009767749 -0.009384380 0.992598443 -0.121079582 0.159908494 -0.041095772 0.120599777 0.991850206 -0.136811379
0.999419956 0.016906257 0.029562312 -0.027376027 -0.013775520 0.994578426 -0.103072740 0.157161629 -0.031144612 0.102605717 0.994234419 -0.076981575
0.999604048 0.019905551 0.019887607 -0.059919385 -0.018190948 0.996386807 -0.082960350 0.168810948 -0.021467120 0.082565727 0.996354386 -0.016844620
0.999859232 0.016300527 0.003976123 -0.061434805 -0.016042506 0.998186230 -0.058024898 0.146878528 -0.004914747 0.057952943 0.998307218 0.044360511
0.999784039 0.018881132 -0.008682008 -0.069373990 -0.019245887 0.998844021 -0.044047899 0.151889943 0.007840297 0.044205479 0.998991694 0.120024769
0.999672273 0.018646333 -0.017540260 -0.083334066 -0.019252897 0.999199296 -0.035072678 0.140200070 0.016872239 0.035398885 0.999230827 0.189358770
0.999408830 0.022171395 -0.026275834 -0.093526302 -0.022837519 0.999418295 -0.025328241 0.161118345 0.025698987 0.025913343 0.999333808 0.251411157
0.999129317 0.025620397 -0.032927248 -0.101983357 -0.025933063 0.999622227 -0.009103843 0.138036478 0.032681565 0.009949821 0.999416288 0.304777944
0.998890113 0.026378923 -0.039021716 -0.106748931 -0.026401863 0.999651407 -0.000072583 0.129083354 0.039006199 0.001102749 0.999238360 0.363632403
0.998671528 0.022355068 -0.046426619 -0.095674237 -0.022115220 0.999739330 0.005673466 0.161419846 0.046541348 -0.004639194 0.998905592 0.448064035
0.998616795 0.020495860 -0.048419165 -0.094288957 -0.019716435 0.999669111 0.016520632 0.146024905 0.048741748 -0.015543127 0.998690469 0.521651535
0.998550256 0.020709030 -0.049684217 -0.106583828 -0.019651751 0.999571911 0.021674967 0.155174091 0.050111816 -0.020667162 0.998529756 0.587502986
0.998470255 0.019244709 -0.051834269 -0.102255607 -0.017736950 0.999410562 0.029392685 0.141706230 0.052369370 -0.028428339 0.998223061 0.657383977
0.998371631 0.013360247 -0.055457997 -0.096089153 -0.011723807 0.999489241 0.029728924 0.153286049 0.055826857 -0.029030336 0.998018337 0.751428110
0.998231037 0.011260842 -0.058378001 -0.086134562 -0.009365598 0.999423370 0.032637610 0.166882052 0.058711865 -0.032033130 0.997760891 0.821346100
0.998351707 0.011359285 -0.056256880 -0.065435302 -0.009438662 0.999367386 0.034289056 0.148164204 0.056610791 -0.033701548 0.997827352 0.902180813
0.998750699 0.010035745 -0.048952264 -0.061305091 -0.008619868 0.999540808 0.029049454 0.176870987 0.049221319 -0.028591200 0.998378588 0.966362665
0.998960897 0.009248988 -0.044627150 -0.032403018 -0.007974244 0.999557460 0.028658253 0.189679967 0.044872461 -0.028272607 0.998592571 1.059861329
0.999398014 0.007779502 -0.033809598 -0.039614300 -0.006938775 0.999665539 0.024913103 0.201663066 0.033992101 -0.024663509 0.999117735 1.130331977
0.999573502 0.005298074 -0.028718360 -0.023337836 -0.004655416 0.999738276 0.022398796 0.210067297 0.028829514 -0.022255547 0.999336555 1.202519125
0.999821485 0.000084778 -0.018894193 -0.018354388 0.000273776 0.999819948 0.018973573 0.246057262 0.018892399 -0.018975359 0.999641442 1.265128515
0.999882468 -0.009134358 -0.012313164 -0.011376475 0.009423808 0.999675692 0.023658032 0.264765015 0.012093069 -0.023771288 0.999644278 1.342283441
0.999875097 -0.014321943 -0.006683670 -0.007107728 0.014501939 0.999510866 0.027707799 0.291176793 0.006283572 -0.027801264 0.999593721 1.407794032
0.999837390 -0.017748972 -0.003188533 -0.006122464 0.017852768 0.999186051 0.036173393 0.312005034 0.002543897 -0.036224435 0.999340442 1.473844277
0.999767006 -0.021582832 -0.000337953 0.002023697 0.021576268 0.998760697 0.044850130 0.329798473 -0.000630458 -0.044846972 0.998993669 1.537797089
0.999714191 -0.023359579 0.005085807 -0.007241124 0.023066921 0.998405664 0.051517438 0.357021950 -0.006281124 -0.051385400 0.998659145 1.599662215
0.999603131 -0.027494376 0.006135147 -0.010713775 0.027087536 0.997908543 0.058692464 0.378673394 -0.007736028 -0.058502984 0.998257259 1.659573106
0.999552694 -0.029243658 0.006262588 -0.018388968 0.028761092 0.997354652 0.066757005 0.412057664 -0.008198240 -0.066547025 0.997749609 1.716045740
0.999463811 -0.032614259 0.002898269 -0.026400915 0.032273736 0.996208214 0.080793570 0.422767613 -0.005522302 -0.080656711 0.996726642 1.777091614
0.999422173 -0.033926934 0.002069721 -0.039576764 0.033618727 0.995646509 0.086935662 0.438757513 -0.005010171 -0.086815847 0.996211778 1.820922411
0.999409593 -0.034356767 -0.000279500 -0.047885055 0.034230344 0.994965839 0.094187377 0.439399950 -0.002957881 -0.094141335 0.995554448 1.871538598
0.999122596 -0.041707187 -0.003814281 -0.051213626 0.041881129 0.994759195 0.093274404 0.456145053 -0.000095922 -0.093352311 0.995633134 1.908483881
0.999016146 -0.043719792 -0.007437735 -0.054381269 0.044226125 0.994582971 0.094067872 0.482410217 0.003284817 -0.094304266 0.995538003 1.938361782
0.998679782 -0.050295408 -0.010443379 -0.055419129 0.051093616 0.993588966 0.100848449 0.499121763 0.005304212 -0.101248897 0.994846986 1.965847929
0.998628841 -0.050866265 -0.012371816 -0.062433158 0.051916107 0.992649236 0.109326168 0.528477364 0.006719860 -0.109818561 0.993928935 1.980636253
0.999159045 -0.037899289 -0.015647608 -0.040505121 0.039618820 0.990677197 0.130342016 0.521739479 0.010561858 -0.130852344 0.991345606 1.992092529
0.999688143 -0.024777714 -0.003111415 -0.045258663 0.024964598 0.988496884 0.149166613 0.481128548 -0.000620383 -0.149197770 0.988807181 2.005272395
0.999835164 -0.015986792 0.008606213 -0.069332883 0.014514414 0.988562101 0.150114307 0.472409741 -0.010907622 -0.149964648 0.988631189 2.001952965
0.999876146 -0.012804560 0.009150730 -0.083917645 0.011297082 0.988750110 0.149149575 0.464429264 -0.010957580 -0.149027726 0.988772304 1.984804464
0.999925868 -0.011747553 0.003201990 -0.091767402 0.011141891 0.988849549 0.148500595 0.437108691 -0.004910805 -0.148453910 0.988907134 1.958298377
0.999944206 -0.008751366 -0.005915906 -0.084505693 0.009495753 0.990038832 0.140473993 0.429553043 0.004627637 -0.140522331 0.990066694 1.910829791
0.999938146 -0.006563703 -0.008978975 -0.086474670 0.007712825 0.990869963 0.134600254 0.416684391 0.008013520 -0.134661181 0.990859299 1.857202670
0.999903413 -0.000432890 -0.013891618 -0.094071766 0.002277912 0.991103094 0.133076929 0.412520626 0.013710418 -0.133095720 0.991008352 1.800436809
0.999801718 0.004788776 -0.019328510 -0.092712743 -0.002117233 0.990714947 0.135938998 0.375580140 0.019800026 -0.135871120 0.990528646 1.744928371
0.999729571 0.005401766 -0.022618719 -0.111362351 -0.002452624 0.991714808 0.128435679 0.378538343 0.023125098 -0.128345471 0.991459868 1.675766331
0.999399536 0.007619169 -0.033801132 -0.116201575 -0.003040162 0.991043587 0.133504177 0.354076983 0.034515586 -0.133321251 0.990471665 1.617744348
0.998898451 0.007392742 -0.046338236 -0.118732005 -0.001273809 0.991419729 0.130710742 0.336369104 0.046906952 -0.130507732 0.990337049 1.542640563
0.998164163 0.008155200 -0.060014971 -0.105490727 -0.000351053 0.991655776 0.128913535 0.320375825 0.060565508 -0.128655802 0.989838120 1.466522361
0.997598676 0.009156823 -0.068651539 -0.099441098 -0.000259184 0.991708318 0.128508930 0.315279070 0.069259035 -0.128182545 0.989329278 1.383674090
0.996969831 0.013405090 -0.076625446 -0.097727829 -0.002987324 0.990911112 0.134485106 0.264072014 0.077731791 -0.133848688 0.987948530 1.317869029
0.996285026 0.020573742 -0.083623367 -0.077536286 -0.010075013 0.992220883 0.124081481 0.238575765 0.085525671 -0.122778015 0.988742089 1.228195398
0.996230492 0.028257307 -0.082014213 -0.074919595 -0.018767290 0.993273942 0.114257017 0.245462377 0.084691176 -0.112287140 0.990060101 1.130274354
0.996051214 0.036445128 -0.080955124 -0.066086787 -0.027153069 0.993218019 0.113051663 0.209285761 0.084526270 -0.110407066 0.990285610 1.052861992
0.996064098 0.042495865 -0.077784402 -0.057113210 -0.034302213 0.994006572 0.103799294 0.167713037 0.081729248 -0.100722573 0.991551962 0.969815799
0.996273248 0.046903027 -0.072385918 -0.055452575 -0.040629742 0.995481161 0.085828214 0.194630107 0.076084421 -0.082567332 0.993676908 0.860482094
0.996380400 0.051368293 -0.067730332 -0.052840187 -0.045234865 0.994988424 0.089173106 0.157896595 0.071971567 -0.085786563 0.993710601 0.790516708
0.996494958 0.052408542 -0.065200787 -0.063257827 -0.047038731 0.995576517 0.081331154 0.125229283 0.069174820 -0.077979122 0.994552211 0.713452455
0.996341056 0.053411178 -0.066721403 -0.060376958 -0.048783311 0.996411832 0.069163936 0.134604635 0.070176123 -0.065655978 0.995371591 0.628731972
0.996371464 0.053501976 -0.066192482 -0.044619105 -0.049268397 0.996731831 0.064017824 0.138465005 0.069401234 -0.060524335 0.995751110 0.551572689
0.996444666 0.055647726 -0.063256283 -0.039738128 -0.051642331 0.996658572 0.063283179 0.094419504 0.066566481 -0.059791484 0.995988897 0.491418701
0.996483847 0.057764786 -0.060689137 -0.022684447 -0.054686628 0.997189339 0.051213227 0.072021889 0.063476882 -0.047714269 0.996842031 0.422980760
0.996847092 0.057769040 -0.054393140 -0.018182912 -0.055818024 0.997765105 0.036730696 0.078256986 0.056393474 -0.033578770 0.997843797 0.346232906
0.997117454 0.057785347 -0.049169468 -0.003451403 -0.056512700 0.998039645 0.026892045 0.055158764 0.050627045 -0.024035828 0.998428356 0.286590649
0.997269362 0.059458967 -0.043800133 0.009368224 -0.058830055 0.998147493 0.015511538 0.017384571 0.044641293 -0.012892417 0.998919887 0.234102142
0.997587491 0.060105750 -0.034734667 0.004314879 -0.060355015 0.998157893 -0.006171900 -0.004007848 0.034299715 0.008253421 0.999377512 0.157527834
0.997943428 0.058817558 -0.025483524 0.013581498 -0.059558557 0.997792788 -0.029365461 0.033477738 0.023700071 0.030822831 0.999243844 0.100429637
0.998023939 0.060536215 -0.016839947 0.025259698 -0.061210437 0.997201975 -0.042912738 0.031540138 0.014195053 0.043858721 0.998936891 0.060666939
0.998222892 0.058927365 -0.008867045 0.042538647 -0.059328281 0.996712871 -0.055168911 0.046795036 0.005586939 0.055596936 0.998437663 0.028716929
0.998398141 0.056569607 -0.001015628 0.059862997 -0.056526374 0.996541633 -0.060906022 0.042684557 -0.002433314 0.060865869 0.998142988 0.014608126
0.998445160 0.055388280 0.006276949 0.068224115 -0.054844683 0.996242438 -0.067030329 0.074107292 -0.009966058 0.066581851 0.997731194 -0.005183892
0.998602233 0.051689761 0.011034028 0.084769824 -0.050910603 0.996778583 -0.061972314 0.072502575 -0.014201817 0.061323942 0.998016875 -0.000411599
0.998789410 0.046680181 0.015513682 0.091874989 -0.045694395 0.997225733 -0.058761042 0.042640943 -0.018213619 0.057981018 0.998151524 0.008168478
0.998944179 0.042575240 0.017259092 0.108831672 -0.041391028 0.997092809 -0.063974321 0.088465809 -0.019932639 0.063192404 0.997802290 0.006849929
0.998960671 0.040891200 0.020136703 0.112127473 -0.039697332 0.997613595 -0.056491041 0.083962389 -0.022398635 0.055632955 0.998200018 0.014469005
0.998949313 0.040081396 0.022220545 0.104951719 -0.038830319 0.997778515 -0.054131698 0.086277553 -0.024340857 0.053211992 0.998286535 0.027395364
0.999038944 0.037818596 0.022157208 0.101814140 -0.036598701 0.997918751 -0.053091446 0.108763160 -0.024118937 0.052229497 0.998343807 0.038461020
0.999114650 0.036682860 0.020598145 0.090052531 -0.035655194 0.998200222 -0.048218507 0.130928752 -0.022329865 0.047441386 0.998624400 0.052251636
0.999106264 0.039323249 0.015503372 0.087018992 -0.038660964 0.998413994 -0.040924654 0.119896899 -0.017088074 0.040288703 0.999041950 0.065213407
0.999192564 0.038758408 0.010583308 0.099507767 -0.038339595 0.998569843 -0.037260493 0.133644247 -0.012012330 0.036824648 0.999249543 0.075855474
0.999166164 0.039820674 0.009016175 0.110536069 -0.039519125 0.998723380 -0.031461869 0.132027699 -0.010257498 0.031079324 0.999464286 0.084997245
0.998863630 0.046696517 0.009533340 0.133120026 -0.046415052 0.998533302 -0.027872689 0.111560629 -0.010820915 0.027398525 0.999566020 0.096747148
0.998533237 0.051910699 0.015383582 0.147561973 -0.051426625 0.998215537 -0.030348717 0.114461428 -0.016931554 0.029513077 0.999420983 0.107604299
0.998374481 0.052905756 0.021198494 0.175369602 -0.052172903 0.998067630 -0.033748982 0.108431451 -0.022943046 0.032588136 0.999205499 0.118887084
0.998131690 0.053329022 0.029818543 0.205071285 -0.052150874 0.997878050 -0.038983122 0.103245401 -0.031834201 0.037355226 0.998794859 0.130438969
0.997651514 0.057198737 0.037679728 0.251611839 -0.055397402 0.997346641 -0.047231395 0.105876043 -0.040281327 0.045033113 0.998173048 0.138475491
0.997476860 0.053041225 0.047186241 0.330906535 -0.050441230 0.997228890 -0.054682936 0.130505002 -0.049955932 0.052164831 0.997388207 0.156160559
0.996719052 0.042382228 0.068955629 0.358671460 -0.038623210 0.997741111 -0.054962919 0.110989442 -0.071129317 0.052119301 0.996104512 0.171068106
0.995521017 0.043933238 0.083712455 0.378797650 -0.038971449 0.997436628 -0.060011664 0.102212772 -0.086134375 0.056480477 0.994681268 0.183850637
0.995142710 0.041594825 0.089223636 0.442720142 -0.035730517 0.997156753 -0.066345610 0.125545689 -0.091729585 0.062835344 0.993799478 0.199922571
0.994643189 0.035087261 0.097230711 0.488947619 -0.028744136 0.997412932 -0.065887916 0.157266235 -0.099290995 0.062740154 0.993078532 0.213343102
0.994341292 0.035194625 0.100233398 0.544747385 -0.029923127 0.998113025 -0.053618991 0.134374442 -0.101931360 0.050316280 0.993518128 0.235006627
0.993831915 0.038237075 0.104096349 0.619186842 -0.033222563 0.998222053 -0.049487311 0.109652142 -0.105803521 0.045723722 0.993335269 0.251118125
0.992762684 0.038174877 0.113863652 0.659092919 -0.032010729 0.997946402 -0.055482358 0.157259616 -0.115747854 0.051435956 0.991945955 0.281674692
0.992207483 0.036330197 0.119182331 0.686003227 -0.030657047 0.998323556 -0.049094017 0.173914369 -0.120766124 0.045057672 0.991657879 0.304180336
0.992486556 0.032464105 0.117968292 0.727956216 -0.028194885 0.998892005 -0.037680379 0.179564718 -0.119060843 0.034071167 0.992302208 0.329217779
0.993298249 0.021101395 0.113636786 0.770388122 -0.018161070 0.999474536 -0.026848248 0.187909131 -0.114143610 0.024604552 0.993159530 0.360741576
0.994449235 0.008381273 0.104883138 0.847619652 -0.007183538 0.999904665 -0.011792275 0.159676620 -0.104971973 0.010973387 0.994414637 0.327710174
0.994850557 -0.005042110 0.101227199 0.918620463 0.005247620 0.999984675 -0.001764008 0.159109986 -0.101216753 0.002286126 0.994861771 0.338698447
0.994884867 -0.020228359 0.098969265 0.988773266 0.019690392 0.999785580 0.006409552 0.142395753 -0.099077699 -0.004428023 0.995069848 0.353098956
0.994375382 -0.031158755 0.101226144 1.088207573 0.030511742 0.999502918 0.007934126 0.121370408 -0.101423043 -0.004800913 0.994831804 0.356457969
0.992859295 -0.028856288 0.115748582 1.140478562 0.028987314 0.999579627 0.000551483 0.113581048 -0.115715838 0.002807695 0.993278391 0.387541787
0.991598747 -0.024111665 0.127084822 1.185366008 0.025706909 0.999609799 -0.010927203 0.158209329 -0.126771760 0.014102358 0.991831661 0.379758112
0.989890351 -0.024692106 0.139668866 1.240881508 0.026216219 0.999615032 -0.009082778 0.152519062 -0.139390825 0.012652544 0.990156609 0.393361644
0.987819860 -0.027658661 0.153123878 1.277357963 0.029529258 0.999514342 -0.009955070 0.168032819 -0.152774168 0.014355450 0.988156857 0.388721073
0.986396986 -0.034813250 0.160651869 1.356368774 0.036113897 0.999334243 -0.005182425 0.185591408 -0.160364497 0.010913693 0.986997528 0.380462556
0.982983198 -0.045396067 0.177997837 1.389274586 0.044983477 0.998967517 0.006355106 0.167712966 -0.178102554 0.001759999 0.984010357 0.390466991
0.980415414 -0.045610196 0.191586343 1.402156672 0.044145063 0.998954123 0.011911039 0.151770826 -0.191929232 -0.003220175 0.981403485 0.407374484
0.978795974 -0.050596760 0.198490325 1.443658653 0.048844896 0.998712200 0.013715604 0.161486397 -0.198928674 -0.003729538 0.980006874 0.403058070
0.976429349 -0.059355309 0.207515477 1.447197628 0.056466898 0.998207719 0.019820166 0.147024189 -0.208319983 -0.007635237 0.978030924 0.410801185
0.975431446 -0.071168802 0.208490999 1.453860640 0.068536666 0.997451479 0.019831110 0.135741281 -0.209371011 -0.005054610 0.977823210 0.403363994
0.975601494 -0.082587862 0.203423131 1.457576867 0.081205010 0.996582271 0.015150051 0.147189766 -0.203979096 0.001738565 0.978973700 0.413440184
0.976021764 -0.092448809 0.197065302 1.460244557 0.091761905 0.995700825 0.012634081 0.122507823 -0.197386090 0.005751949 0.980308955 0.408524732
0.976840421 -0.091909181 0.193223947 1.430458721 0.092658647 0.995684488 0.005174481 0.100875693 -0.192865669 0.012849227 0.981141035 0.383346941
0.979508761 -0.087991334 0.181163222 1.417882403 0.090754618 0.995848654 -0.007004136 0.138632104 -0.179794847 0.023302012 0.983428101 0.357830552
0.981541899 -0.086646872 0.170492874 1.430464695 0.089203358 0.995986114 -0.007377156 0.143433779 -0.169169327 0.022449524 0.985331293 0.349072416
0.982527508 -0.084967763 0.165590384 1.419258722 0.087919240 0.996071601 -0.010562791 0.142504941 -0.164042383 0.024936813 0.986138049 0.319518093
0.984215570 -0.075528691 0.160047271 1.382459741 0.078572345 0.996826677 -0.012765672 0.181679717 -0.158575215 0.025139463 0.987026802 0.302818685
0.985186348 -0.069308015 0.156857446 1.341852261 0.070830388 0.997479825 -0.004129765 0.168658311 -0.156175912 0.015178861 0.987612620 0.311927470
0.985965915 -0.064881252 0.153823399 1.266229355 0.066016841 0.997815903 -0.002280600 0.156018572 -0.153339466 0.012403529 0.988095724 0.316488610
0.988344439 -0.054287497 0.142225659 1.202277965 0.055265634 0.998467378 -0.002933281 0.166312159 -0.141848440 0.010759283 0.989829914 0.309154497
0.989779820 -0.059616424 0.129544550 1.170237395 0.059902732 0.998202790 0.001688725 0.217896545 -0.129412407 0.006088607 0.991572165 0.297447418
0.989868860 -0.071579954 0.122621167 1.116730727 0.069222152 0.997327092 0.023387278 0.188549257 -0.123967472 -0.014662237 0.992177950 0.289344826
0.990104832 -0.082591970 0.113450378 1.054300483 0.079330094 0.996302722 0.032979133 0.129775823 -0.115754732 -0.023652769 0.992996167 0.279789065
0.991630513 -0.082063913 0.099671657 0.965961330 0.079902593 0.996476636 0.025492932 0.155727699 -0.101412527 -0.017315546 0.994693758 0.287016979
0.993633383 -0.080185585 0.079138945 0.907550239 0.078298729 0.996573160 0.026669187 0.186594605 -0.081006233 -0.020302915 0.996506790 0.278944779
0.995055844 -0.079543879 0.059469643 0.867449504 0.077498395 0.996344166 0.035948589 0.149188607 -0.062111723 -0.031162051 0.997582608 0.261132776
0.996431629 -0.072950545 0.042452637 0.820983627 0.071444719 0.996795775 0.035969924 0.154103181 -0.044940634 -0.032808553 0.998450769 0.242826779
0.997698963 -0.061269919 0.029030615 0.780905748 0.060016717 0.997303492 0.042234322 0.160632355 -0.031540027 -0.040394817 0.998685879 0.227781464
0.998156494 -0.055915370 0.023602659 0.728186596 0.054795331 0.997451420 0.045696121 0.172154835 -0.026097621 -0.044318564 0.998676514 0.259973096
0.998706869 -0.047634946 0.017762391 0.673911757 0.046756084 0.997800732 0.046984764 0.150499927 -0.019961444 -0.046093507 0.998737668 0.245196276
0.999045010 -0.043154069 0.006840613 0.589845294 0.042829920 0.998199021 0.042003716 0.151860833 -0.008640924 -0.041670620 0.999094037 0.221014211
0.999234839 -0.038434940 0.007245160 0.501820840 0.038113417 0.998462592 0.040246984 0.171555821 -0.008780912 -0.039940051 0.999163494 0.247363675
0.999300042 -0.037287010 0.003017489 0.457366517 0.037127965 0.998430588 0.041927016 0.175417495 -0.004576086 -0.041785636 0.999116119 0.232955070
0.999116216 -0.042011412 0.001352429 0.393184599 0.041902461 0.998029003 0.046715024 0.180099428 -0.003312328 -0.046617068 0.998907342 0.230654547
0.999180707 -0.040024436 -0.005996617 0.333782901 0.040275531 0.997926171 0.050211938 0.198420676 0.003974477 -0.050412317 0.998720582 0.227065815
0.999325911 -0.036019483 -0.007093753 0.240077367 0.036364270 0.997730294 0.056673624 0.212412742 0.005036297 -0.056893380 0.998367557 0.224393154
0.999247178 -0.036601715 -0.012860473 0.196155753 0.037344590 0.997297515 0.063269648 0.207207436 0.010509940 -0.063702286 0.997913603 0.234786651
0.999296224 -0.034424136 -0.014900890 0.128761932 0.035350724 0.997114420 0.067180054 0.215609112 0.012545277 -0.067659531 0.997629593 0.235388748
0.999299692 -0.032862200 -0.017894160 0.049576068 0.034086969 0.996742394 0.073093632 0.223710826 0.015433851 -0.073652402 0.997164540 0.249007520
0.999292738 -0.029693550 -0.023072008 -0.030222770 0.031480635 0.996183977 0.081403033 0.219678694 0.020566820 -0.082071781 0.996414185 0.259658067
0.999155838 -0.019570839 -0.036119163 -0.084205649 0.022620805 0.996032893 0.086062623 0.202315188 0.034291556 -0.086807017 0.995634788 0.280388453
0.998988562 -0.011620781 -0.043437423 -0.137718901 0.015286039 0.996261608 0.085024384 0.247071703 0.042286987 -0.085602373 0.995431587 0.290892045
0.998897844 -0.000767527 -0.046930885 -0.208255574 0.005274633 0.995368423 0.095988962 0.233370358 0.046639847 -0.096130710 0.994275420 0.312462110
0.998546379 0.012877731 -0.052338247 -0.265386781 -0.007583602 0.994946527 0.100119420 0.241875556 0.053363068 -0.099576972 0.993597911 0.329902854
0.997814454 0.036174122 -0.055296913 -0.382774575 -0.029869477 0.993386144 0.110868318 0.243865684 0.058941751 -0.108974320 0.992295555 0.351010231
0.997398383 0.046036185 -0.055471936 -0.463335032 -0.039083007 0.991944463 0.120493568 0.244009909 0.060572144 -0.118012080 0.991163036 0.368364135
0.996727482 0.053036482 -0.061003761 -0.532461048 -0.045089596 0.991134201 0.124979697 0.225973700 0.067091398 -0.121820064 0.990282089 0.382281158
0.996035841 0.056548879 -0.068664596 -0.577834568 -0.047623135 0.990974390 0.125306808 0.257925982 0.075130816 -0.121540049 0.989739045 0.382742346
0.995441727 0.060346119 -0.073851973 -0.637664804 -0.049970940 0.989577363 0.135053872 0.241423531 0.081232218 -0.130747807 0.988082151 0.397333383
0.994677747 0.059421245 -0.084174190 -0.680976898 -0.047405266 0.989272543 0.138175890 0.225495968 0.091481799 -0.133450183 0.986824265 0.408188799
0.993977238 0.062044647 -0.090331119 -0.734241033 -0.049612742 0.989752789 0.133895455 0.231424990 0.097712974 -0.128607460 0.986869949 0.415739997
0.993150049 0.064663883 -0.097321955 -0.787696163 -0.051834866 0.990286956 0.129015080 0.233477685 0.104719278 -0.123086663 0.986855383 0.409907744
0.991986189 0.067224628 -0.106977799 -0.839877830 -0.053495606 0.990536389 0.126395737 0.246011987 0.114462309 -0.119659983 0.986194640 0.404945612
0.990236937 0.074329941 -0.117923146 -0.895834839 -0.059365432 0.990291038 0.125695685 0.244324004 0.126121188 -0.117467952 0.985035393 0.403394748
0.988337989 0.081916056 -0.128365805 -0.961782762 -0.066363500 0.990422459 0.121075341 0.289041311 0.137054391 -0.111144555 0.984308377 0.392647187
0.986082691 0.090505626 -0.139462034 -1.013097849 -0.072365952 0.988861486 0.130062023 0.299181533 0.149679979 -0.118159607 0.981648721 0.400691050
0.983049945 0.102771989 -0.151824648 -1.073882870 -0.081833575 0.987010060 0.138254861 0.285859477 0.164061182 -0.123487080 0.978690385 0.411535533
0.979550865 0.110902082 -0.167871470 -1.116644259 -0.087636436 0.986240426 0.140177307 0.290117772 0.181107585 -0.122599145 0.975791726 0.408998314
0.976440618 0.119076576 -0.179956906 -1.166970833 -0.093877754 0.985318016 0.142602157 0.314532010 0.194295358 -0.122348588 0.973283174 0.400124292
0.972889327 0.129839313 -0.191384718 -1.206182508 -0.101190078 0.983099724 0.152563104 0.326596218 0.207958952 -0.129060781 0.969585679 0.395873277
0.970358977 0.137908562 -0.198455747 -1.242496595 -0.106134029 0.980947222 0.162720977 0.312328881 0.217115230 -0.136834853 0.966507734 0.425207032
0.968571353 0.143476595 -0.203184649 -1.283354320 -0.111680294 0.980750971 0.160171926 0.311400485 0.222254464 -0.132446218 0.965950802 0.430233846
0.967262672 0.147482441 -0.206523248 -1.323495184 -0.115477618 0.980450860 0.159314253 0.336659165 0.225981951 -0.130249917 0.965384440 0.411926236
0.966068372 0.150215910 -0.210112069 -1.349252853 -0.115816836 0.979054653 0.167446847 0.329117362 0.230864380 -0.137430588 0.963231266 0.427439912
0.964876140 0.153151207 -0.213444938 -1.374314870 -0.117987049 0.978566117 0.168782138 0.325850911 0.234719172 -0.137670119 0.962264958 0.429902157
0.963752761 0.155253954 -0.216971944 -1.388271480 -0.119728166 0.978436550 0.168306519 0.335626823 0.238423533 -0.136228219 0.961559198 0.428586488
0.963072330 0.159037245 -0.217252946 -1.402233458 -0.123106169 0.977723312 0.170005872 0.337796737 0.239450535 -0.136982773 0.961196734 0.426274831
0.961630591 0.162886524 -0.220759114 -1.414617869 -0.125311935 0.976609965 0.174728063 0.331077122 0.244056397 -0.140360099 0.959549643 0.428410863
0.960462329 0.163095941 -0.225636496 -1.408454797 -0.125008202 0.976791277 0.173930302 0.337671633 0.248767087 -0.138847090 0.958559556 0.433893431
0.959752872 0.162651309 -0.228951907 -1.401434706 -0.123273832 0.976470298 0.176944397 0.329499914 0.252344975 -0.141599115 0.957220823 0.431033358
0.958341394 0.165113531 -0.233065002 -1.386249433 -0.125450356 0.976386284 0.175875046 0.338983135 0.256600821 -0.139310249 0.956424944 0.439644986
0.958393177 0.167917181 -0.230838338 -1.359038480 -0.129392038 0.976379798 0.173032338 0.366383623 0.254440993 -0.135964369 0.957482883 0.452457894
0.960839715 0.167021514 -0.221112767 -1.332524671 -0.129734822 0.976224702 0.173649665 0.376974332 0.244858976 -0.138163469 0.959663971 0.486612250
0.964352441 0.161389356 -0.209708956 -1.308066247 -0.126383559 0.977160935 0.170832382 0.373551979 0.232489928 -0.138238861 0.962724494 0.480590033
0.966404220 0.157587056 -0.203049756 -1.282777315 -0.122595064 0.976954315 0.174730413 0.372328184 0.225905586 -0.143967311 0.963452168 0.469121695
0.968478766 0.149886177 -0.198954801 -1.245278112 -0.115036208 0.977558217 0.176484002 0.366672595 0.220942413 -0.148034003 0.963986714 0.489397872
0.969866501 0.147722047 -0.193745108 -1.206699272 -0.114632170 0.978380649 0.172135909 0.363317325 0.214984734 -0.144739430 0.965832316 0.495848235
0.971269854 0.149103727 -0.185480322 -1.158894831 -0.119241866 0.979408159 0.162914194 0.385725789 0.205952054 -0.136116626 0.969049026 0.511038635
0.975567249 0.140219662 -0.169136008 -1.117048406 -0.113205770 0.980605507 0.159991544 0.373988006 0.188289661 -0.136935338 0.972520291 0.499093646
0.977110891 0.136497531 -0.163164735 -1.084325203 -0.109742445 0.980494844 0.163053536 0.337550537 0.182238586 -0.141415289 0.973031764 0.494960351
