1.000000000 0.000000000 0.000000000 0.000000000 0.000000000 1.000000000 0.000000000 0.000000000 0.000000000 0.000000000 1.000000000 0.000000000
1.000000000 0.000000000 0.000000000 0.000000000 0.000000000 1.000000000 0.000000000 0.000000000 0.000000000 0.000000000 1.000000000 0.000000000
1.000000000 0.000000000 0.000000000 0.000000000 0.000000000 1.000000000 0.000000000 0.000000000 0.000000000 0.000000000 1.000000000 0.000000000
1.000000000 0.000000000 0.000000000 0.000000000 0.000000000 1.000000000 0.000000000 0.000000000 0.000000000 0.000000000 1.000000000 0.000000000
0.999941414 0.002529520 0.010524701 0.002841672 -0.002822480 0.999606333 0.027914367 0.233882485 -0.010449948 -0.027942438 0.999554910 0.088266120
0.999951999 -0.001221922 0.009721495 0.001631441 0.000841374 0.999236778 0.039053215 0.307676155 -0.009761795 -0.039043161 0.999189841 0.110431484
0.999943634 -0.003837486 0.009899614 -0.000155657 0.003362823 0.998864312 0.047526596 0.383746654 -0.010070753 -0.047490626 0.998820915 0.134498452
0.999920525 -0.009152050 0.008670849 -0.001348827 0.008674010 0.998522056 0.053651322 0.458205140 -0.009149054 -0.053571847 0.998522084 0.156619751
0.999891998 -0.012726168 0.007351041 -0.003370713 0.012273472 0.998203041 0.058651946 0.530802925 -0.008084246 -0.058555389 0.998251427 0.175217015
0.999888078 -0.013653808 0.006116016 -0.003789637 0.013234546 0.997860963 0.064018313 0.600387088 -0.006977027 -0.063930205 0.997929983 0.194185961
0.999947288 -0.004314149 0.009317171 -0.012443838 0.003734208 0.998106936 0.061388920 0.670124691 -0.009564374 -0.061350892 0.998070434 0.206747671
0.999952182 0.000716970 0.009752911 -0.014351115 -0.001390378 0.997600694 0.069216490 0.729009961 -0.009679885 -0.069226740 0.997553988 0.219140365
0.999969443 0.001875253 0.007589245 -0.016541893 -0.002480255 0.996750612 0.080511277 0.783735795 -0.007413605 -0.080527640 0.996724805 0.228594552
0.999961677 0.004288166 0.007632635 -0.018140249 -0.004998349 0.995407193 0.095600928 0.831809916 -0.007187627 -0.095635415 0.995390479 0.236219857
0.999964707 0.005163062 0.006627735 -0.020079847 -0.005880018 0.993559243 0.113161197 0.868618429 -0.006000789 -0.113196175 0.993554536 0.242012945
0.999958029 0.006063938 0.006868030 -0.023123357 -0.006885977 0.991904927 0.126795896 0.890396605 -0.006043550 -0.126837867 0.991905051 0.240845797
0.999981291 0.004129039 0.004513184 -0.025095898 -0.004719897 0.990153383 0.139907116 0.886182814 -0.003891063 -0.139925800 0.990154347 0.236835042
0.999994263 0.002988961 0.001593767 -0.027536840 -0.003188447 0.989429624 0.144978799 0.855619180 -0.001143584 -0.144983049 0.989433478 0.226556531
0.999993992 0.003219571 0.001284278 -0.030533659 -0.003369908 0.989756993 0.142722596 0.801051872 -0.000811617 -0.142726067 0.989761896 0.211562627
0.999965192 0.007162223 0.004279812 -0.032958196 -0.007674328 0.990822373 0.134952323 0.726265789 -0.003273975 -0.134980470 0.990842850 0.193349546
0.999866593 0.013481637 0.009221780 -0.033997815 -0.014524151 0.992133431 0.124339470 0.634682812 -0.007472937 -0.124456821 0.992196883 0.173105730
0.999681387 0.019302358 0.016264798 -0.034605700 -0.020996697 0.993552400 0.111412603 0.531002411 -0.014009403 -0.111718612 0.993641127 0.151886344
0.999334495 0.025183215 0.026388874 -0.034862498 -0.027625329 0.994931746 0.096683307 0.416388898 -0.023820332 -0.097347965 0.994965309 0.127609136
0.998795048 0.032096158 0.037125310 -0.036859183 -0.035024269 0.996089155 0.081115322 0.303349607 -0.034376629 -0.082317868 0.996013060 0.104173456
0.998485946 0.036189682 0.041426105 -0.041084504 -0.038873380 0.997067132 0.065924154 0.189212587 -0.038918833 -0.067434714 0.996964334 0.079386262
0.998403615 0.038539262 0.041290993 -0.044688367 -0.040670000 0.997814945 0.052070025 0.083219657 -0.039194030 -0.053666206 0.997789440 0.052960534
0.998511445 0.037591677 0.039519109 -0.052350849 -0.039124076 0.998482891 0.038745612 -0.015915618 -0.038002641 -0.040234086 0.998467334 0.032224980
0.998549809 0.035827070 0.040183328 -0.053532506 -0.036865887 0.998996969 0.025415778 -0.108576866 -0.039232450 -0.026860315 0.998869030 0.006105337
0.998709275 0.030044858 0.040952294 -0.056045764 -0.030481588 0.999484481 0.010081873 -0.193385363 -0.040628274 -0.011317151 0.999110237 -0.010534645
0.998779744 0.026536764 0.041651215 -0.055756337 -0.026307771 0.999635665 -0.006036470 -0.267598303 -0.041796228 0.004933354 0.999113976 -0.027605465
0.998895205 0.021820382 0.041620199 -0.056594863 -0.020854693 0.999506360 -0.023497181 -0.333144901 -0.042112371 0.022603245 0.998857168 -0.046008684
0.998883934 0.023737537 0.040834000 -0.054867784 -0.022164072 0.999010309 -0.038563676 -0.380520925 -0.041708994 0.037615589 0.998421468 -0.063073390
0.998832994 0.024123718 0.041841327 -0.053280738 -0.022064021 0.998554632 -0.049008437 -0.405239820 -0.042963117 0.048028056 0.997921578 -0.075181246
0.998518445 0.029181069 0.045927997 -0.048446645 -0.026794996 0.998301188 -0.051737473 -0.400320529 -0.047359729 0.050430181 0.997604056 -0.080851320
0.998210634 0.034934299 0.048529622 -0.046671359 -0.032649341 0.998356250 -0.047104347 -0.376966323 -0.050095409 0.045435600 0.997710407 -0.073747087
0.997877282 0.040208308 0.051227153 -0.043699303 -0.038367388 0.998599527 -0.036427025 -0.333388316 -0.052620080 0.034384249 0.998022470 -0.058680536
0.997902267 0.037456440 0.052802282 -0.039657738 -0.036218918 0.999050765 -0.024202449 -0.262765568 -0.053658697 0.022239238 0.998311655 -0.037528564
0.998094282 0.034658732 0.051054645 -0.034969161 -0.034132500 0.999355189 -0.011143571 -0.183310410 -0.051407946 0.009379712 0.998633689 -0.012062373
0.998297970 0.030078880 0.049964227 -0.028472840 -0.030073707 0.999547318 -0.000855485 -0.097771899 -0.049967341 -0.000648581 0.998750642 0.011175681
0.998267139 0.033126298 0.048635038 -0.018046692 -0.033454956 0.999422461 0.005959009 -0.005312982 -0.048409550 -0.007575766 0.998798840 0.030538495
0.998502767 0.029583622 0.046011228 -0.012290635 -0.030043805 0.999504924 0.009342212 0.088900837 -0.045712072 -0.010710577 0.998897237 0.059200026
0.998764724 0.029420146 0.040043490 -0.007812536 -0.029929667 0.999477739 0.012184596 0.189052942 -0.039664104 -0.013368033 0.999123643 0.083786162
0.998888050 0.028082274 0.037868848 -0.006077657 -0.028734853 0.999445884 0.016799771 0.285985766 -0.037376089 -0.017869247 0.999141490 0.113179441
0.999128715 0.023432360 0.034535990 -0.004114884 -0.024345057 0.999358971 0.026248164 0.383798352 -0.033898795 -0.027066075 0.999058707 0.130095499
0.999029315 0.020745305 0.038859492 -0.003956638 -0.022281936 0.998969650 0.039536734 0.476254099 -0.037999252 -0.040364221 0.998462211 0.151715557
0.998934811 0.017242877 0.042801019 -0.003868184 -0.019609313 0.998266124 0.055499739 0.564004179 -0.041769832 -0.056279920 0.997540902 0.173291034
0.998784103 0.017459268 0.046103042 -0.001034268 -0.020777868 0.997151002 0.072513166 0.643716493 -0.044705668 -0.073382921 0.996301335 0.187721269
0.999245364 0.019062499 0.033842638 -0.016077152 -0.023166868 0.991841165 0.125357091 0.749691346 -0.031176902 -0.126046520 0.991534304 0.197668933
0.998434207 0.027250227 0.048852416 -0.055203211 -0.030123016 0.997799396 0.059067495 0.152092567 -0.047135309 -0.060446589 0.997057908 0.081572718
0.997942487 0.018357391 0.061431256 -0.036240546 -0.020761829 0.999033859 0.038733647 -0.139753423 -0.060660856 -0.039929377 0.997359466 -0.003978667
0.996427042 0.009743844 0.083894030 -0.028814054 -0.007706870 0.999668404 -0.024570046 -0.453032954 -0.084105618 0.023835698 0.996171724 -0.082909614
0.995740696 0.024764331 0.088809881 -0.014572369 -0.021826307 0.999186796 -0.033902200 -0.422666596 -0.089577226 0.031819408 0.995471469 -0.082005501
0.996966857 0.029546969 0.072000432 0.025953471 -0.029504462 0.999563280 -0.001654090 0.133629773 -0.072017861 -0.000475261 0.997403229 0.082230319
0.998085116 0.004345399 0.061702660 0.051554322 -0.009923083 0.995857923 0.090379913 0.610811452 -0.061054346 -0.090819126 0.993994091 0.192064611
0.999087601 0.020450417 0.037493291 0.035524780 -0.024870914 0.992278915 0.121507169 0.873016754 -0.034718930 -0.122328798 0.991882181 0.242194170
0.997973749 0.034887108 0.053209825 -0.017475729 -0.039945074 0.994466470 0.097163938 0.437808784 -0.049525618 -0.099092530 0.993845000 0.205903484
0.991504073 0.037683205 0.124497584 -0.002017471 -0.037204916 0.999288638 -0.006165363 -0.186574127 -0.124641352 0.001481060 0.992200756 0.080265056
0.997960243 0.026311223 0.058164190 0.059383109 -0.029642689 0.997923923 0.057176517 0.593500878 -0.056539052 -0.058784034 0.996668336 0.257593909
0.998518368 0.019495359 0.050803547 0.035262612 -0.023126119 0.997144576 0.071887948 0.643140168 -0.049257000 -0.072956325 0.996118026 0.265424217
0.998706868 0.021144309 0.046233220 0.044176380 -0.025955510 0.994019549 0.106072839 0.347111359 -0.043713888 -0.107135680 0.993282962 0.113848611
0.999140439 0.014027629 0.039007811 0.040767969 -0.018785017 0.992053881 0.124403454 0.365855877 -0.036952765 -0.125029284 0.991464660 0.098705049
0.999372222 0.008421422 0.034412809 0.027266746 -0.013306835 0.989443706 0.144305513 0.351242922 -0.032834279 -0.144672846 0.988934617 0.088314960
0.999386932 0.002968763 0.034884760 0.020736648 -0.008686016 0.986271138 0.164905413 0.364226635 -0.033916267 -0.165107324 0.985692274 0.079742570
0.999173308 -0.001418594 0.040628653 0.039607770 -0.006294681 0.981939681 0.189089500 0.360169840 -0.040163128 -0.189188925 0.981118991 0.046773360
0.998539531 -0.004332111 0.053852008 0.040755392 -0.007271507 0.976933579 0.213419558 0.360063873 -0.053534392 -0.213499451 0.975475296 0.039007491
0.997739508 -0.009900999 0.066466863 0.037227294 -0.005992784 0.972036315 0.234754101 0.357116925 -0.066932505 -0.234621763 0.969779701 0.031236546
0.996933381 -0.016254523 0.076548177 0.031016268 -0.003674929 0.967386243 0.253279197 0.352780491 -0.078168586 -0.252783795 0.964359904 0.022366596
0.996509178 -0.022195039 0.080478809 0.023594366 -0.000380668 0.962793006 0.270239678 0.348682245 -0.083482414 -0.269326955 0.959423617 0.010756153
0.996342980 -0.026182109 0.081333651 0.017155746 0.001591962 0.957418069 0.288700722 0.346285828 -0.085429101 -0.287515458 0.953958453 -0.003108193
0.996100130 -0.032639009 0.081970889 0.012662142 0.005822199 0.951350350 0.308056185 0.344282420 -0.088037683 -0.306377555 0.947830238 -0.017448901
0.995869460 -0.037972896 0.082474710 0.011830863 0.008839584 0.944578992 0.328165187 0.344266617 -0.090365261 -0.326080645 0.941013035 -0.035364580
0.995607983 -0.044930377 0.082134065 0.010110942 0.013617435 0.937481044 0.347769835 0.345617653 -0.092624558 -0.345123969 0.933975448 -0.051874339
0.995599988 -0.045896351 0.081695704 0.011220586 0.012835560 0.930415674 0.366281207 0.348532891 -0.092821934 -0.363620956 0.926910939 -0.070034347
0.995674973 -0.045209650 0.081163020 0.015129514 0.010806105 0.924038869 0.382145780 0.350386549 -0.092274462 -0.379615933 0.920530916 -0.087464164
0.995981602 -0.043901996 0.078059363 0.022250434 0.009577691 0.918821427 0.394557288 0.349050060 -0.089044468 -0.392224171 0.915549716 -0.103132430
0.996255617 -0.042716652 0.075166707 0.031778760 0.008977993 0.915830226 0.401465307 0.345104220 -0.085989196 -0.399287221 0.912784516 -0.114305992
0.996204144 -0.044170853 0.075008259 0.044304974 0.010266156 0.915295692 0.402651712 0.338373301 -0.086440206 -0.400353258 0.912274827 -0.120591286
0.996364116 -0.043802781 0.073074375 0.055867397 0.011133777 0.917298171 0.398045355 0.331481887 -0.084466484 -0.395784514 0.914450672 -0.118179783
0.996660972 -0.044517158 0.068448011 0.068196815 0.014248126 0.920258289 0.391052006 0.325885059 -0.080398374 -0.388771017 0.917819807 -0.117452011
0.996929453 -0.043857676 0.064870410 0.081720816 0.015684083 0.923483706 0.383316911 0.320325088 -0.076718156 -0.381122486 0.921335973 -0.113564243
0.997148059 -0.041506554 0.063031370 0.092551231 0.014778828 0.926403095 0.376243128 0.318208686 -0.074009012 -0.374238575 0.924374467 -0.108277679
0.997491399 -0.036500114 0.060651879 0.098044005 0.011435534 0.928647708 0.370786547 0.317545153 -0.069857980 -0.369162804 0.926735500 -0.102340885
0.997827566 -0.033284672 0.056853144 0.101194159 0.010152112 0.930362203 0.366501169 0.316548194 -0.065092888 -0.365127790 0.928678961 -0.095893008
0.998238074 -0.026731805 0.052973187 0.104297231 0.005607367 0.931272362 0.364280587 0.314504923 -0.059070343 -0.363341711 0.929781424 -0.088976394
0.998429624 -0.023817827 0.050705006 0.106599192 0.003640262 0.930787815 0.365541779 0.312093725 -0.055902013 -0.364783162 0.929412831 -0.081783126
0.998608939 -0.019385139 0.049034712 0.112538949 -0.000135412 0.929019185 0.370031532 0.307917970 -0.052727301 -0.369523436 0.927724238 -0.077111271
0.998679841 -0.016290612 0.048715418 0.120392357 -0.003141315 0.927234367 0.374468371 0.305993315 -0.051270928 -0.374127043 0.925959096 -0.069699077
0.998769831 -0.015203018 0.047198440 0.132182671 -0.003726776 0.926133291 0.377177992 0.303850765 -0.049446290 -0.376889898 0.924937333 -0.061779410
0.998731480 -0.016509545 0.047569590 0.148885834 -0.002752755 0.925406155 0.378966846 0.301971579 -0.050277762 -0.378617067 0.924186812 -0.053015833
0.998661649 -0.018663568 0.048234654 0.171398198 -0.001078176 0.924904253 0.380198580 0.299497875 -0.051708299 -0.379741746 0.923646284 -0.043368265
0.998507073 -0.021081739 0.050390335 0.199193507 0.000245743 0.924242947 0.381804812 0.296094840 -0.054622021 -0.381222422 0.922868300 -0.033114247
0.998328597 -0.023726732 0.052697758 0.228916620 0.001708375 0.923556159 0.383459387 0.292749430 -0.057767577 -0.382728445 0.922053059 -0.023743089
0.998169583 -0.028309480 0.053442088 0.266443857 0.005522662 0.922650127 0.385598551 0.289933116 -0.060224444 -0.384597603 0.921117637 -0.014309214
0.997996642 -0.032858062 0.054065238 0.307737874 0.009339726 0.921710866 0.387765197 0.286140183 -0.062573730 -0.386483410 0.920171235 -0.006531557
0.997795004 -0.036752678 0.055266359 0.354157743 0.012400501 0.921254992 0.388761452 0.283165804 -0.065202434 -0.387218904 0.919679380 0.000668445
0.997467133 -0.041046745 0.058090304 0.404484170 0.015327631 0.921542864 0.387973985 0.278808638 -0.069457775 -0.386100912 0.919837868 0.008208610
0.997055614 -0.045686969 0.061585741 0.456584393 0.018584085 0.923159190 0.383968413 0.273961294 -0.074395795 -0.381693347 0.921290103 0.017338674
0.996481260 -0.051091031 0.066443994 0.510837108 0.022286081 0.925709541 0.377578040 0.267490786 -0.080798691 -0.374768665 0.923590829 0.025998425
0.995696066 -0.057925413 0.072346321 0.564050534 0.027088625 0.928421620 0.370539474 0.260044490 -0.088631541 -0.366984934 0.925994875 0.033268562
0.994886394 -0.062708322 0.079175314 0.618554545 0.029516295 0.930205707 0.365849876 0.253428647 -0.096591160 -0.361642102 0.927299918 0.040278720
0.994049582 -0.067968999 0.085121348 0.672103167 0.032425309 0.930654508 0.364459580 0.249184563 -0.103990519 -0.359530807 0.927320641 0.045998778
0.993263733 -0.071710627 0.091020566 0.723843914 0.033513263 0.929711760 0.366760011 0.249687885 -0.110923480 -0.361239021 0.925852230 0.051411184
0.992215106 -0.076175231 0.098521660 0.774701200 0.034070163 0.926966889 0.373592840 0.255704035 -0.119784838 -0.367327810 0.922345853 0.057697331
0.990977585 -0.078971155 0.108291197 0.822058574 0.031580972 0.922810058 0.383958643 0.259884823 -0.130253863 -0.377074467 0.916978068 0.061570711
0.989763392 -0.085048630 0.114608718 0.865003345 0.033413876 0.918815628 0.393270078 0.264524462 -0.138751363 -0.385414805 0.912251877 0.065311332
0.989350741 -0.088207604 0.115777933 0.901297843 0.034891060 0.915979980 0.399704004 0.269713166 -0.141307201 -0.391407837 0.909303129 0.068454291
0.989223148 -0.087862708 0.117122622 0.933483226 0.033488082 0.914500845 0.403195676 0.275073193 -0.142534601 -0.394928283 0.907587758 0.071140332
0.989402854 -0.087418268 0.115931179 0.959222826 0.033469658 0.914255297 0.403753679 0.281235071 -0.141286142 -0.395594866 0.907492660 0.075891837
0.989549940 -0.087707475 0.114447872 0.979320284 0.034579719 0.914915378 0.402161776 0.285465544 -0.139982712 -0.394001586 0.908387357 0.078566297
0.989741302 -0.088926258 0.111822518 0.992687553 0.037238899 0.916195366 0.398997890 0.288276704 -0.137932662 -0.390740544 0.910107910 0.080435511
0.990107804 -0.088927373 0.108528604 0.999838511 0.039060088 0.917617097 0.395541619 0.290976277 -0.134762180 -0.387389707 0.912013360 0.081232801
0.990087050 -0.090971819 0.107012902 1.001084341 0.041964743 0.918697311 0.392726636 0.293264035 -0.134039522 -0.384342788 0.913407920 0.081023046
0.989984668 -0.092223738 0.106888440 0.996285749 0.043296371 0.918987806 0.391901564 0.295065415 -0.134371800 -0.383348659 0.913776792 0.079733649
0.989703787 -0.091076799 0.110414811 0.986778958 0.040718656 0.918710812 0.392826215 0.295670884 -0.137216634 -0.384285650 0.912960095 0.076788494
0.989549353 -0.089914787 0.112727143 0.970751906 0.038767236 0.918882861 0.392621178 0.293311134 -0.138885490 -0.384147913 0.912765688 0.072835792
0.989580022 -0.089989730 0.112397632 0.947469892 0.039081715 0.919196003 0.391856259 0.289750300 -0.138578493 -0.383380433 0.913134954 0.067146131
0.989839129 -0.088964835 0.110922302 0.918642131 0.038841309 0.919593063 0.390947505 0.286463345 -0.136783959 -0.382666770 0.913704707 0.060185473
0.990257434 -0.089223643 0.106908168 0.883953923 0.040520959 0.919164150 0.391784784 0.286120953 -0.133222621 -0.383635774 0.913824560 0.052292730
0.991012347 -0.086177039 0.102313467 0.845600784 0.039139450 0.918168295 0.394252565 0.288365101 -0.127916501 -0.386704667 0.913289039 0.044415590
0.991593702 -0.084335479 0.098129799 0.803141851 0.038710495 0.917023830 0.396949357 0.290896495 -0.123464279 -0.389813829 0.912579723 0.037161002
0.992132513 -0.083296640 0.093459864 0.755547961 0.039413081 0.916389120 0.398343558 0.293717689 -0.118826283 -0.391526054 0.912462418 0.031268101
0.992731094 -0.082009099 0.088087927 0.703077313 0.040397450 0.916501939 0.397985228 0.295327732 -0.113371166 -0.391533784 0.913152931 0.024002486
0.993402715 -0.078805020 0.083311550 0.646984434 0.039506856 0.917186185 0.396495536 0.295394578 -0.107658041 -0.390588365 0.914248585 0.015595064
0.994099069 -0.075152574 0.078224882 0.587353048 0.038514742 0.918672643 0.393137621 0.293928952 -0.101408363 -0.387804932 0.916146101 0.006857898
0.994814015 -0.071204220 0.072629436 0.525915907 0.037567246 0.920816010 0.388183690 0.291503604 -0.094518665 -0.383442087 0.918715619 -0.003201968
0.995536884 -0.065917451 0.067536681 0.462945645 0.035131286 0.923053623 0.383063705 0.288149608 -0.087590561 -0.378981397 0.921249692 -0.014259263
0.995998879 -0.062441298 0.063932128 0.397137340 0.033691175 0.924975281 0.378530889 0.283353963 -0.082771598 -0.374862393 0.923378064 -0.024640364
0.996385644 -0.059935695 0.060194360 0.329637295 0.032983103 0.926006382 0.376064218 0.278952591 -0.078280032 -0.372719591 0.924636330 -0.033904741
0.996761043 -0.057326328 0.056401379 0.259006121 0.031980934 0.926048310 0.376047533 0.278598715 -0.073787826 -0.373025762 0.924882229 -0.041003870
0.997278782 -0.052633247 0.051621442 0.189994586 0.029252802 0.925244311 0.378242303 0.278504783 -0.067670565 -0.375702951 0.924266189 -0.049304927
0.997696959 -0.049207813 0.046683724 0.119358014 0.027670630 0.923652146 0.382231669 0.281541725 -0.061928307 -0.380059606 0.922886548 -0.055999285
0.998100868 -0.044157108 0.042951229 0.049971438 0.024213759 0.922358723 0.385574998 0.284294201 -0.056642318 -0.383802729 0.921676252 -0.062846798
0.998354414 -0.039780368 0.041303600 -0.019015271 0.020765124 0.922164631 0.386239825 0.288135986 -0.053453481 -0.384746559 0.921473174 -0.068236885
0.998497587 -0.038255305 0.039231366 -0.088305864 0.020243395 0.922838850 0.384653950 0.292173602 -0.050919283 -0.383281865 0.922226783 -0.073053561
0.998678697 -0.036957525 0.035707170 -0.157549814 0.020534695 0.923945357 0.381972911 0.297778367 -0.047108248 -0.380734973 0.923483456 -0.078242919
0.998841135 -0.034246893 0.033816244 -0.225486314 0.018866664 0.924996870 0.379506048 0.302989431 -0.044276823 -0.378428252 0.924571047 -0.082383563
0.999012658 -0.031419936 0.031408544 -0.293760416 0.017271092 0.926038942 0.377032609 0.309105052 -0.040931876 -0.376117889 0.925667281 -0.086718763
0.999153035 -0.029191090 0.029001593 -0.360331335 0.016173152 0.926668523 0.375531461 0.315472102 -0.037837036 -0.374744352 0.926355779 -0.091478192
0.999372379 -0.027292306 0.022582690 -0.425986302 0.016808458 0.926510287 0.375893820 0.323253808 -0.031182104 -0.375278321 0.926387531 -0.096588448
0.999591423 -0.024143901 0.015299003 -0.487658806 0.016538165 0.925096185 0.379372558 0.332167675 -0.023312583 -0.378964538 0.925117508 -0.100984354
0.999754750 -0.020731674 0.007787034 -0.543419201 0.016130396 0.922617281 0.385379246 0.341594457 -0.015174009 -0.385159124 0.922725419 -0.104618499
0.999845087 -0.017582794 -0.000805132 -0.594558706 0.016496601 0.920166262 0.391180153 0.351308684 -0.006137184 -0.391132836 0.920313772 -0.107664395
0.999795136 -0.017041958 -0.010920487 -0.640237651 0.019970159 0.918458046 0.395013938 0.358761980 0.003298199 -0.395151097 0.918610218 -0.111156536
0.999691575 -0.015260088 -0.019592953 -0.683032515 0.021754883 0.918630118 0.394519242 0.365017525 0.011978278 -0.394823805 0.918678771 -0.114171016
0.999585931 -0.013148987 -0.025594340 -0.718268234 0.022087921 0.920704593 0.389634669 0.367468217 0.018441525 -0.390038659 0.920613792 -0.117387679
0.999444742 -0.011467370 -0.031284301 -0.746443486 0.022582802 0.923494504 0.382946365 0.369199976 0.024499492 -0.383440219 0.923240691 -0.120242512
0.999255784 -0.011159502 -0.036923490 -0.766761215 0.024251744 0.926134333 0.376413402 0.368859129 0.029995526 -0.377028728 0.925715727 -0.122852313
0.999183655 -0.009729733 -0.039209122 -0.777434416 0.023642953 0.927825567 0.372264326 0.367540694 0.032757193 -0.372887450 0.927298181 -0.126151003
0.999214454 -0.007813625 -0.038851276 -0.779648609 0.021690026 0.928321859 0.371144269 0.365717101 0.033166507 -0.371695404 0.927762098 -0.130469715
0.999310212 -0.005564352 -0.036717013 -0.772152607 0.018860251 0.927755243 0.372712355 0.364304279 0.031990499 -0.373147755 0.927220233 -0.134247561
0.999465478 -0.005625336 -0.032204246 -0.755953490 0.017292455 0.926962156 0.374756097 0.362473348 0.027743988 -0.375112672 0.926563950 -0.137642345
0.999624245 -0.005294460 -0.026894935 -0.730698420 0.015024283 0.926484144 0.376033778 0.360376974 0.022926835 -0.376296558 0.926215558 -0.141134747
0.999794661 -0.006115278 -0.019319420 -0.697161940 0.012926281 0.926685110 0.375616318 0.357418772 0.015606021 -0.375788917 0.926573873 -0.144399995
0.999907030 -0.005774728 -0.012352448 -0.656483762 0.009971197 0.927571453 0.373512750 0.352497209 0.009300844 -0.373601193 0.927542798 -0.149365037
0.999973727 -0.005537817 -0.004677325 -0.610219331 0.006876904 0.928772926 0.370585429 0.346990123 0.002291939 -0.370607858 0.928786608 -0.153743166
0.999981466 -0.005958482 0.001250768 -0.559337893 0.005081281 0.929943723 0.367666767 0.341731338 -0.003353880 -0.367653597 0.929956764 -0.156992516
0.999940285 -0.007495980 0.007952158 -0.504215726 0.004065931 0.930619491 0.365965616 0.337324796 -0.010143705 -0.365911429 0.930594397 -0.158194993
0.999862848 -0.009133870 0.013815148 -0.445363590 0.003436079 0.930425263 0.366465582 0.333531575 -0.016201212 -0.366367851 0.930329038 -0.159698709
0.999730405 -0.013014363 0.019228715 -0.384279230 0.004991300 0.929246540 0.369426521 0.330628542 -0.022676068 -0.369230949 0.929060979 -0.159342722
0.999639881 -0.017225443 0.020576510 -0.321436783 0.008268089 0.927186460 0.374508889 0.328800512 -0.025529343 -0.374203893 0.926994983 -0.157408794
0.999511346 -0.021940797 0.022263647 -0.255816243 0.011833334 0.924837974 0.380177189 0.328455040 -0.028931656 -0.379727961 0.924645681 -0.154274770
0.999388412 -0.024925044 0.024526381 -0.187691870 0.013557197 0.922701182 0.385277474 0.327663237 -0.032233579 -0.384709334 0.922474783 -0.149979938
0.999269880 -0.026142455 0.027861773 -0.118872493 0.013301100 0.921669804 0.387747151 0.327019373 -0.035816018 -0.387093457 0.921344598 -0.144789191
0.999234510 -0.026797267 0.028500892 -0.050654917 0.013651011 0.921597048 0.387907890 0.326413310 -0.036661209 -0.387221885 0.921257384 -0.138472884
0.999256222 -0.027942023 0.026575293 0.015566625 0.015512200 0.922213960 0.386368714 0.325517306 -0.035304030 -0.385669100 0.921961480 -0.131453650
0.999271580 -0.029274200 0.024481238 0.081203350 0.017602744 0.922776759 0.384932717 0.323903997 -0.033859315 -0.384221388 0.922619896 -0.124364146
0.999181561 -0.032376778 0.024247714 0.143618945 0.020559447 0.922735505 0.384885043 0.321928610 -0.034835565 -0.384071519 0.922645952 -0.116234302
0.999088816 -0.034531282 0.025082419 0.203427553 0.022175812 0.922142822 0.386213476 0.321017605 -0.036466020 -0.385305342 0.922068340 -0.108057862
0.998974194 -0.036666991 0.026572379 0.260976918 0.023465379 0.921038325 0.388764428 0.321052674 -0.038729001 -0.387742100 0.920953923 -0.100282410
0.998816080 -0.038418605 0.029840408 0.312756742 0.023688113 0.919894757 0.391449243 0.324039273 -0.042488969 -0.390278935 0.919715739 -0.091181325
0.998565309 -0.041309780 0.034070889 0.358415336 0.024572073 0.918832182 0.393882767 0.328821772 -0.047576640 -0.392480475 0.918529009 -0.082060354
0.998314322 -0.044541419 0.037209895 0.397577246 0.026258395 0.918377483 0.394833250 0.335756036 -0.051759163 -0.393190616 0.917998981 -0.072057364
0.998072639 -0.048181205 0.039109830 0.429585647 0.028847434 0.918220050 0.395018689 0.343434397 -0.054943907 -0.393129127 0.917840213 -0.061289085
0.997808893 -0.049129376 0.044313855 0.459551716 0.027788382 0.919034172 0.393197148 0.351501865 -0.060043478 -0.391104201 0.918385695 -0.048564427
0.997057267 -0.052545706 0.055818941 0.486301675 0.026942243 0.921870561 0.386560194 0.359291283 -0.071769917 -0.383918764 0.920573442 -0.033407508
0.995782811 -0.057326542 0.071625846 0.509783457 0.026363607 0.926609256 0.375100317 0.366638536 -0.087872376 -0.371630132 0.924212903 -0.015365298
0.994531715 -0.059727158 0.085669918 0.527792963 0.025228617 0.933424188 0.357886578 0.371296011 -0.101341922 -0.353768219 0.929826791 0.001501986
0.993467098 -0.059144802 0.097596198 0.540900892 0.022797608 0.940835553 0.338095743 0.374561909 -0.111818578 -0.333662037 0.936037526 0.016548206
0.992266875 -0.057414370 0.110045626 0.551382433 0.019551959 0.947818535 0.318210221 0.374405352 -0.122573123 -0.313597854 0.941611499 0.029581348
0.990798264 -0.057059627 0.122731411 0.561469881 0.018098257 0.954501530 0.297656315 0.371337677 -0.134131478 -0.292696136 0.946751139 0.041594089
0.989435054 -0.058021769 0.132859881 0.570081608 0.018553886 0.959563486 0.280880169 0.367330558 -0.143784655 -0.275447619 0.950502279 0.053111677
0.987910122 -0.061221954 0.142427047 0.579261141 0.020622507 0.962452625 0.270665213 0.361846037 -0.153649938 -0.264455701 0.952079240 0.064455521
0.986384968 -0.068843747 0.149349370 0.588387222 0.026241442 0.962413143 0.270318939 0.356887630 -0.162345565 -0.262719395 0.951116416 0.075744474
0.984696819 -0.077080455 0.156303482 0.602174494 0.031077699 0.960161193 0.277713268 0.351488977 -0.171482803 -0.268605819 0.947863156 0.090596144
0.982360511 -0.087031622 0.165509283 0.619212297 0.036824337 0.957795494 0.285082022 0.345903440 -0.183335197 -0.273958551 0.944105353 0.110912499
0.979971449 -0.096614408 0.174131028 0.638497206 0.042174034 0.955280262 0.292678957 0.339324951 -0.194620938 -0.279473214 0.940222002 0.135541921
0.977582057 -0.106406563 0.181689198 0.659470996 0.047646687 0.952318341 0.301362855 0.332362613 -0.205092942 -0.285950031 0.936039243 0.163622594
0.975786001 -0.113342719 0.187069798 0.679442395 0.050570356 0.948997930 0.311200207 0.324757352 -0.212801128 -0.294204619 0.931750676 0.193320736
0.974815764 -0.117419271 0.189596787 0.698021349 0.051599726 0.945850798 0.320474235 0.315919977 -0.216960124 -0.302620194 0.928089071 0.225445681
0.974768110 -0.119843418 0.188320701 0.712733568 0.052479570 0.943046454 0.328495480 0.305968906 -0.216963190 -0.310323929 0.925540941 0.259790273
0.975105311 -0.124847050 0.183256233 0.721786357 0.057352199 0.940314880 0.335438001 0.293466395 -0.214197008 -0.316577228 0.924066286 0.297285079
0.976701029 -0.124724179 0.174639570 0.724332920 0.059030553 0.938521759 0.340135710 0.280258009 -0.206326184 -0.321901828 0.924017705 0.336916091
0.978814475 -0.122151349 0.164320634 0.720426457 0.059955151 0.938361890 0.340414956 0.263917734 -0.195774367 -0.323351218 0.925805804 0.377624712
0.981668513 -0.115491660 0.151619944 0.708781402 0.058850362 0.940301477 0.335216001 0.246851746 -0.181283109 -0.320148105 0.929861078 0.420799973
0.984710366 -0.105468035 0.138643386 0.689867677 0.055200700 0.943792836 0.325895637 0.230178595 -0.165222207 -0.313259600 0.935184498 0.464796031
0.987941725 -0.092989613 0.123790464 0.664453211 0.049672379 0.947646257 0.315434981 0.216031985 -0.146641747 -0.305482412 0.940838293 0.507963782
0.990783893 -0.079244458 0.109852594 0.633054322 0.042013062 0.950797056 0.306952537 0.203986100 -0.128771810 -0.299508386 0.945363712 0.550635529
0.993429169 -0.066550788 0.093110032 0.595198101 0.035556387 0.952763156 0.301625782 0.193557033 -0.108785241 -0.296333193 0.948869016 0.590464391
0.995943324 -0.053902055 0.072051812 0.549220449 0.029948641 0.953641172 0.299452156 0.185309004 -0.084852661 -0.296079522 0.951386852 0.625755904
0.997964107 -0.043122844 0.046990015 0.493659688 0.027103547 0.953686007 0.299580371 0.178171575 -0.057732477 -0.297696861 0.952913186 0.656978774
0.999287480 -0.033347407 0.017677164 0.430332834 0.026449331 0.952838570 0.302322829 0.176706362 -0.026925166 -0.301639869 0.953041670 0.679167644
0.999707299 -0.021922323 -0.010233681 0.358912196 0.024005949 0.951392656 0.307043529 0.179709249 0.003005142 -0.307199326 0.951640448 0.696055362
0.999221606 -0.010731888 -0.037960631 0.284071175 0.022064801 0.949725774 0.312304496 0.185619889 0.032700573 -0.312898994 0.949223310 0.702712338
0.997778528 0.001495374 -0.066601599 0.204737812 0.019767381 0.948076400 0.317427771 0.194316798 0.063618077 -0.318039154 0.945940715 0.697318974
0.995585533 0.014102674 -0.092793105 0.120666518 0.016636547 0.946477608 0.322340447 0.204827519 0.092372458 -0.322461243 0.942064794 0.682649519
0.992793559 0.028793596 -0.116326601 0.031452870 0.010820127 0.945202656 0.326304865 0.213681027 0.119347703 -0.325212036 0.938079558 0.650701927
0.989139238 0.037262648 -0.142179685 -0.053295124 0.011684246 0.944334472 0.328779383 0.224109832 0.146516368 -0.326869851 0.933642895 0.612709251
0.985397964 0.041203472 -0.165206316 -0.134332760 0.015825482 0.943914163 0.329811472 0.235161373 0.169529959 -0.327610023 0.929479029 0.568519512
0.981209875 0.043438898 -0.187990008 -0.212061715 0.021558996 0.943541804 0.330551167 0.248858702 0.191735210 -0.328392945 0.924876036 0.515138782
0.977935302 0.045960802 -0.203789473 -0.281397117 0.025305743 0.942253456 0.333943176 0.266156117 0.207369632 -0.331731865 0.920299846 0.461914762
0.975852748 0.050100406 -0.212606123 -0.340030059 0.025427833 0.940666082 0.338379591 0.285607096 0.216944324 -0.335614767 0.916677636 0.403799517
0.974630135 0.052436321 -0.217592584 -0.386404936 0.025885157 0.939239486 0.342285183 0.308692514 0.222319722 -0.339233872 0.914053785 0.344405622
0.974688171 0.055590372 -0.216547178 -0.416107288 0.023363063 0.937963796 0.345945205 0.332738522 0.222344636 -0.342247904 0.912923455 0.281877138
0.976140778 0.054175722 -0.210271662 -0.434349644 0.023156427 0.936880348 0.348882492 0.359414506 0.215900349 -0.345427568 0.913272596 0.220167473
0.977987799 0.048810852 -0.202872783 -0.441005823 0.026525486 0.935285227 0.352899337 0.384459722 0.206969234 -0.350512545 0.913402809 0.157086115
0.980482547 0.039791432 -0.192537311 -0.435994416 0.032741419 0.932582481 0.359468936 0.411789354 0.193860707 -0.358756962 0.913078019 0.098849822
0.983163655 0.027557304 -0.180637268 -0.421879582 0.041417606 0.929225488 0.367184661 0.437375120 0.177971373 -0.368484176 0.912439369 0.043489793
0.986593745 0.014306511 -0.162567237 -0.395069549 0.048522211 0.925384713 0.375910532 0.462681441 0.155815204 -0.378759101 0.912284586 -0.010670866
0.990269137 -0.003325399 -0.139125764 -0.360238100 0.056780957 0.922371291 0.382108786 0.486233818 0.127054947 -0.386290231 0.913584642 -0.059314663
0.993728914 -0.021940436 -0.109642428 -0.313953619 0.062770638 0.920936026 0.384625380 0.506876694 0.092534813 -0.389095687 0.916537972 -0.106292732
0.995979366 -0.045526733 -0.077151928 -0.258342433 0.071702370 0.921413694 0.381910426 0.522849496 0.053701709 -0.385906880 0.920973401 -0.148140747
0.996842468 -0.068054814 -0.040910111 -0.197185222 0.078451187 0.923699352 0.374999892 0.534463270 0.012268095 -0.377025264 0.926121722 -0.184261791
0.996029399 -0.089001548 -0.002039805 -0.132032290 0.083575270 0.926918585 0.365837546 0.543335280 -0.030669374 -0.364555429 0.930676490 -0.212242242
0.993499208 -0.107656012 0.037006848 -0.059294385 0.087482343 0.930023916 0.356934665 0.548889790 -0.072843416 -0.351376861 0.933396024 -0.237810252
0.989155498 -0.125671989 0.076012843 0.015434991 0.091396833 0.931818538 0.351227606 0.549768588 -0.114969648 -0.340471385 0.933199452 -0.255259118
0.983608125 -0.143474397 0.109225247 0.093644128 0.097333490 0.932356643 0.348191444 0.550590078 -0.151793442 -0.331852659 0.931038433 -0.259908891
0.977176902 -0.160601427 0.139041303 0.173792988 0.103239296 0.931082192 0.349896554 0.547473944 -0.185652767 -0.327556304 0.926412391 -0.254787629
0.970975248 -0.173081940 0.165074863 0.255464721 0.105609138 0.929496914 0.353386753 0.543098940 -0.214601441 -0.325696376 0.920797531 -0.241200652
0.965272061 -0.181724426 0.187686125 0.335063722 0.105482671 0.928367699 0.356380163 0.536834326 -0.239004717 -0.324206181 0.915296180 -0.217172410
0.960565733 -0.185721471 0.206932376 0.414608020 0.102243972 0.928002179 0.358271022 0.528127977 -0.258572317 -0.322985279 0.910395994 -0.182812285
0.956535312 -0.187037581 0.223734532 0.493973996 0.097785431 0.928523880 0.358163948 0.516474914 -0.274732974 -0.320718486 0.906455430 -0.138339486
0.953686078 -0.184556709 0.237532493 0.571756730 0.091978912 0.930756551 0.353881510 0.500625140 -0.286396131 -0.315643889 0.904624890 -0.086983465
0.952319492 -0.178367268 0.247533236 0.644478645 0.085269536 0.934578940 0.345385743 0.483263485 -0.292944861 -0.307810531 0.905227035 -0.027799735
0.952101074 -0.171466521 0.253185264 0.712986271 0.080087879 0.938915624 0.334698943 0.462480027 -0.295109263 -0.298390152 0.907674964 0.035488489
0.951713504 -0.169818493 0.255740272 0.765324963 0.081299411 0.942743185 0.323458950 0.439942526 -0.296026710 -0.287048717 0.911027563 0.100283324
0.952209611 -0.168637717 0.254672687 0.805227657 0.083288671 0.945531839 0.314694359 0.417443633 -0.293870472 -0.278443643 0.914390115 0.165571215
0.952730425 -0.169051350 0.252440842 0.829395041 0.086625954 0.947559012 0.307616421 0.393452938 -0.291205566 -0.271207595 0.917412535 0.231676082
0.954792784 -0.165764236 0.246764985 0.834402932 0.086694110 0.949281643 0.302239133 0.373731918 -0.284349909 -0.267182673 0.920738046 0.294340455
0.958593175 -0.160260137 0.235405634 0.820079638 0.085890865 0.950833052 0.297555486 0.357211831 -0.271517740 -0.265015464 0.925226956 0.351545379
0.964478657 -0.149062928 0.218085223 0.785684184 0.081207871 0.952909238 0.292180193 0.344837028 -0.251368659 -0.264091323 0.931165705 0.401765523
0.970691745 -0.136402753 0.197868202 0.734725729 0.075848290 0.955123342 0.286332740 0.336859926 -0.228045112 -0.262932863 0.937476259 0.451812112
0.977727520 -0.118135532 0.173473031 0.668937305 0.066094072 0.957797147 0.279743093 0.332141823 -0.199199573 -0.262046982 0.944272688 0.502443575
0.984716361 -0.097928926 0.144026436 0.582902151 0.055389801 0.960102875 0.274106622 0.329456385 -0.165123163 -0.261939680 0.950853272 0.541726832
0.991170104 -0.078896252 0.106570194 0.483545626 0.047561208 0.961776202 0.269674747 0.328834478 -0.123773003 -0.262224940 0.957036219 0.575012558
0.996017881 -0.057692816 0.067969996 0.384277671 0.037380862 0.962386355 0.269100676 0.332148753 -0.080938572 -0.265488308 0.960710625 0.591128857
0.998765018 -0.039565367 0.030050289 0.266959554 0.029906267 0.961748453 0.272296765 0.340748281 -0.039674340 -0.271061791 0.961743964 0.582570426
0.999721638 -0.022733360 -0.006311973 0.152714799 0.023592142 0.960512751 0.277233954 0.346730024 -0.000239729 -0.277305696 0.960781710 0.577573233
0.999071048 -0.009688867 -0.041990086 0.043777263 0.021182122 0.958970920 0.282712030 0.357606893 0.037528112 -0.283338843 0.958285313 0.567231818
0.997119961 0.003081201 -0.075777897 -0.053871046 0.018912911 0.957504458 0.287797697 0.370086570 0.073444437 -0.288402009 0.954688533 0.541729008
0.994462815 0.015754339 -0.103901443 -0.139870910 0.015518647 0.955843937 0.293464715 0.382963488 0.103936907 -0.293452156 0.950306767 0.508980254
0.991797480 0.026733224 -0.124992373 -0.207762461 0.011731555 0.954717589 0.297282183 0.400542019 0.127279728 -0.296310075 0.946572876 0.474202409
0.989667967 0.033065223 -0.139513464 -0.259083151 0.010448835 0.953824982 0.300181155 0.415806627 0.142996984 -0.298537426 0.943624537 0.437404469
0.987981436 0.038528914 -0.149693707 -0.290668907 0.008791166 0.952862704 0.303274433 0.431796082 0.154322385 -0.300945492 0.941071949 0.393305113
0.987135975 0.039283555 -0.154981837 -0.301761347 0.010400911 0.951514060 0.307429364 0.446729610 0.159544315 -0.305086537 0.938865175 0.349985068
0.986433108 0.042992210 -0.158434194 -0.292485002 0.008776609 0.949907382 0.312408284 0.463720790 0.163928933 -0.309560390 0.936642765 0.303036128
0.986725387 0.043857296 -0.156363511 -0.265975286 0.008083585 0.948385392 0.317017039 0.480549966 0.162196380 -0.314072738 0.935441420 0.259565729
0.987817362 0.044537482 -0.149108258 -0.222110090 0.005799409 0.946969053 0.321272438 0.498792984 0.155509571 -0.318223232 0.935174181 0.216463203
0.990006963 0.040801501 -0.134986853 -0.165165828 0.005142339 0.946146082 0.323699164 0.516218117 0.140924694 -0.321158574 0.936481394 0.174821838
0.992659151 0.038309520 -0.114717878 -0.095697228 0.001034161 0.945785750 0.324789539 0.535629541 0.120941065 -0.322523945 0.938803261 0.137075104
0.995773550 0.030877734 -0.086496263 -0.018359727 -0.001192929 0.946058447 0.323993816 0.556057260 0.091834715 -0.322521288 0.942096812 0.102860149
0.998171403 0.022291448 -0.056186661 0.061996063 -0.002926049 0.946247153 0.323431236 0.575677348 0.060376219 -0.322675406 0.944582074 0.073104929
0.999633167 0.009166716 -0.025485351 0.142276042 -0.000427483 0.946204580 0.323568710 0.594466648 0.027080418 -0.323439120 0.945861399 0.042621736
0.999977854 -0.004308841 0.005072098 0.219010547 0.002421778 0.945460940 0.325726489 0.612041266 -0.006198974 -0.325706992 0.945450437 0.011146428
0.999277918 -0.017276583 0.033840254 0.290344051 0.005139474 0.943918929 0.330137306 0.631403984 -0.037646101 -0.329724999 0.943326135 -0.023883047
0.997562763 -0.032615725 0.061682643 0.348079153 0.010082341 0.942125774 0.335108000 0.648496907 -0.069042598 -0.333669357 0.940158433 -0.062709137
0.995280220 -0.047388770 0.084685229 0.390564008 0.015841483 0.940293462 0.339995959 0.664946441 -0.095740957 -0.337049713 0.936606193 -0.106256465
0.993112759 -0.059628645 0.100853720 0.412287074 0.021552016 0.939087698 0.343001174 0.679246987 -0.115163183 -0.338465241 0.933905093 -0.150333909
0.991425073 -0.069020896 0.110961439 0.413979459 0.027004114 0.939015164 0.342813797 0.690129706 -0.127855790 -0.336877779 0.932827025 -0.195914222
0.990311054 -0.077729674 0.115074388 0.395278576 0.034031201 0.939241572 0.341565728 0.696759179 -0.134632442 -0.334340197 0.932786545 -0.243609126
0.989563953 -0.084492758 0.116722566 0.361108144 0.040353942 0.940129307 0.338420517 0.699512828 -0.138328388 -0.330178529 0.933727689 -0.294669818
