1.000000000 0.000000000 0.000000000 0.000000000 0.000000000 1.000000000 0.000000000 0.000000000 0.000000000 0.000000000 1.000000000 0.000000000
1.000000000 0.000000000 0.000000000 0.000000000 0.000000000 1.000000000 0.000000000 0.000000000 0.000000000 0.000000000 1.000000000 0.000000000
1.000000000 0.000000000 0.000000000 0.000000000 0.000000000 1.000000000 0.000000000 0.000000000 0.000000000 0.000000000 1.000000000 0.000000000
0.999687387 0.000161566 -0.025002024 0.042595994 0.000608938 0.999525166 0.030806992 0.027717285 0.024995130 -0.030812586 0.999212604 0.244780174
0.999508291 -0.001863978 -0.031300174 0.057339685 0.003120471 0.999189089 0.040142577 0.022424458 0.031199968 -0.040220510 0.998703596 0.341836993
0.999312915 -0.006113917 -0.036555673 0.066472978 0.007745581 0.998972157 0.044661350 0.024947877 0.036245044 -0.044913809 0.998333134 0.418982605
0.999089400 -0.007499588 -0.042001509 0.078414799 0.009554300 0.998756272 0.048934895 0.030888022 0.041582279 -0.049291630 0.997918458 0.494959893
0.998876948 -0.006165180 -0.046976952 0.064413526 0.008583995 0.998638013 0.051462935 0.055068456 0.046595691 -0.051808390 0.997569412 0.563878776
0.998442469 -0.006451037 -0.055416793 0.070443962 0.009641826 0.998298653 0.057505079 0.113999380 0.054951542 -0.057949833 0.996805972 0.636737998
0.998552872 -0.003435007 -0.053669016 0.023535627 0.007059606 0.997694748 0.067493341 0.151264624 0.053313456 -0.067774551 0.996275206 0.717757502
0.998601586 -0.000253433 -0.052865942 0.031293176 0.004340948 0.997004782 0.077218014 0.155521686 0.052688027 -0.077339520 0.995611656 0.801574087
0.998713707 0.003789542 -0.050562536 0.031553772 0.000611375 0.996230706 0.086741032 0.156439181 0.050700660 -0.086660370 0.994946945 0.888195867
0.998743803 0.007125558 -0.049598809 0.045320729 -0.002486261 0.995665183 0.092976676 0.127157661 0.050046318 -0.092736563 0.994432147 0.978394306
0.999175745 0.005820811 -0.040173980 0.006216699 -0.002152386 0.995870532 0.090759299 0.102622278 0.040536376 -0.090598021 0.995062210 1.064692223
0.999362583 0.003237242 -0.035552037 -0.031929767 -0.000304303 0.996616268 0.082194410 0.163666589 0.035697821 -0.082131200 0.995981994 1.126982734
0.999225124 0.001148221 -0.039342499 -0.029344488 0.002207448 0.996366192 0.085144223 0.183562000 0.039297301 -0.085165093 0.995591598 1.211284777
0.999156151 -0.001386579 -0.041049513 -0.026070576 0.004971803 0.996163839 0.087366398 0.185271209 0.040770900 -0.087496764 0.995330121 1.300434684
0.999054857 -0.005919312 -0.043062217 -0.016778243 0.009636254 0.996194189 0.086627248 0.235038102 0.042385557 -0.086960331 0.995309683 1.378979928
0.999150759 -0.002703105 -0.041115127 0.000820211 0.006474092 0.995750572 0.091863406 0.238310907 0.040692094 -0.092051575 0.994922440 1.470263265
0.999399203 -0.000919187 -0.034646611 -0.006166449 0.004146941 0.995638210 0.093205998 0.265701460 0.034409816 -0.093293677 0.995043845 1.551030260
0.999601197 0.001252404 -0.028211319 -0.003676719 0.001501778 0.995244720 0.097394520 0.270622965 0.028199144 -0.097398046 0.994845932 1.639690223
0.999786538 0.006392537 -0.019647215 -0.033355152 -0.004505926 0.995504168 0.094610503 0.296417820 0.020163685 -0.094501779 0.995320471 1.716876216
0.999816386 0.008520644 -0.017163738 -0.036269516 -0.006886933 0.995633877 0.093090029 0.321024435 0.017881986 -0.092954731 0.995509745 1.791424194
0.999840087 0.012762167 -0.012527090 -0.087015048 -0.011566909 0.995761439 0.091243430 0.347631556 0.013638457 -0.091083939 0.995749822 1.877283499
0.999710499 0.012196438 -0.020740429 -0.130296617 -0.010179072 0.995450567 0.094734132 0.359631795 0.021801491 -0.094495588 0.995286531 1.949194605
0.999393157 0.006759823 -0.034170502 -0.127479666 -0.003403905 0.995246247 0.097330986 0.378832071 0.034666004 -0.097155608 0.994665298 2.021232506
0.998933030 0.002126844 -0.046133273 -0.131009375 0.002525896 0.994927583 0.100562041 0.399464725 0.046113145 -0.100571272 0.993860653 2.088656802
0.998381286 -0.002855160 -0.056803663 -0.092210437 0.008630570 0.994778729 0.101689690 0.399224632 0.056216736 -0.102015331 0.993193109 2.165016376
0.998470487 -0.004990459 -0.055061623 -0.101694437 0.010215373 0.995422641 0.095023215 0.457341094 0.054335377 -0.095440350 0.993951109 2.212973046
0.998265466 -0.009202553 -0.058149562 -0.086370178 0.015003410 0.994861928 0.100123136 0.463981394 0.056929396 -0.100821911 0.993274376 2.282280025
0.998479619 -0.010106825 -0.054187657 -0.095154854 0.015425374 0.995002647 0.098649836 0.507679612 0.052919826 -0.099335715 0.993645766 2.326823345
0.998545921 -0.011998394 -0.052555507 -0.110385305 0.017536558 0.994188098 0.106219093 0.548424988 0.050975601 -0.106986284 0.992952881 2.372872016
0.998411692 -0.019189782 -0.052970227 -0.108450543 0.025467165 0.992386315 0.120502389 0.566648063 0.050254513 -0.121659995 0.991298809 2.423461045
0.998211954 -0.023069999 -0.055142271 -0.147480743 0.030499660 0.989970407 0.137943339 0.577299683 0.051406864 -0.139378510 0.988903921 2.479742407
0.996963459 -0.021436458 -0.074862136 -0.142783022 0.032840975 0.987429989 0.154607529 0.541166496 0.070606880 -0.156596602 0.985135611 2.519413450
0.995880647 -0.022380368 -0.087868402 -0.097261510 0.035933397 0.987129135 0.155836009 0.548822521 0.083249793 -0.158351476 0.983867004 2.524054201
0.996018683 -0.024957673 -0.085579772 -0.090064730 0.038714007 0.985855179 0.163066832 0.543360312 0.080299492 -0.165730747 0.982896389 2.531371221
0.996175137 -0.026409438 -0.083292481 -0.102385674 0.040217685 0.984839714 0.168740259 0.510341010 0.077573408 -0.171444682 0.982134964 2.530373443
0.995897821 -0.025251226 -0.086890195 -0.112981014 0.039610457 0.985035879 0.167735890 0.500219940 0.081354423 -0.170489567 0.981995298 2.504882551
0.995438320 -0.021383943 -0.092979992 -0.105333611 0.036904634 0.984999546 0.168564359 0.471114479 0.087980679 -0.171226815 0.981295459 2.476262020
0.995270149 -0.016330829 -0.095763434 -0.102601355 0.032018485 0.985831991 0.164651459 0.438804133 0.091717762 -0.166938882 0.981692040 2.434394637
0.995102529 -0.012656655 -0.098034510 -0.100020221 0.028035458 0.987180578 0.157125810 0.405817947 0.094789077 -0.159104733 0.982700725 2.381500284
0.994926908 -0.013799706 -0.099649470 -0.108488944 0.028319623 0.988908045 0.145804241 0.398995966 0.096532107 -0.147886598 0.984282026 2.311003163
0.994299044 -0.016126622 -0.105400865 -0.113850573 0.030962327 0.989571427 0.140675955 0.371095318 0.102033056 -0.143137424 0.984429242 2.246935409
0.993304508 -0.017246612 -0.114230949 -0.104367046 0.032721157 0.990303357 0.135013281 0.341140590 0.110794770 -0.137847070 0.984237118 2.174014588
0.992543791 -0.018072752 -0.120541274 -0.084858920 0.033855443 0.990909485 0.130200621 0.310309757 0.117092408 -0.133310796 0.984132918 2.098641479
0.992234457 -0.018350609 -0.123020476 -0.069637782 0.033959268 0.991447469 0.126010655 0.280318690 0.119655967 -0.129209800 0.984371514 2.017664517
0.992276549 -0.016577374 -0.122932669 -0.056242335 0.031804865 0.991901555 0.122962414 0.231843637 0.119898712 -0.125922577 0.984767893 1.939851287
0.992611846 -0.010456233 -0.120881721 -0.055098543 0.024436085 0.993093473 0.114752917 0.223833002 0.118846965 -0.116858981 0.986011855 1.837158441
0.993008405 -0.004475048 -0.117958814 -0.051184660 0.018043406 0.993292620 0.114211237 0.216085695 0.116656518 -0.115541097 0.986428665 1.740109729
0.993467045 0.001952156 -0.114102672 -0.079016453 0.011627234 0.992918946 0.118223406 0.218355629 0.113525496 -0.118777756 0.986409553 1.639416906
0.992658509 0.008875468 -0.120624664 -0.076702170 0.007787776 0.990544369 0.136971543 0.130262653 0.120699768 -0.136905366 0.983203177 1.581570020
0.991519158 0.011636666 -0.129438585 -0.061199371 0.006159789 0.990655895 0.136245934 0.082541114 0.129814546 -0.135887768 0.982182620 1.496022188
0.990881697 0.013657372 -0.134040811 -0.053422241 0.004180297 0.991254092 0.131900911 0.060126877 0.134669922 -0.131258529 0.982158445 1.390750833
0.990239967 0.015893571 -0.138463725 -0.034540985 0.002208826 0.991562166 0.129613238 0.015966739 0.139355408 -0.128654051 0.981849380 1.300580756
0.989913017 0.017729906 -0.140562688 -0.001151624 -0.000178964 0.992294329 0.123902915 -0.037586777 0.141676345 -0.122627953 0.982288246 1.213486175
0.990522828 0.019686772 -0.135929976 0.027144385 -0.004837987 0.994061113 0.108715671 -0.051620303 0.137262964 -0.107027727 0.984735469 1.107215190
0.991593247 0.024592936 -0.127035506 0.043278239 -0.011900808 0.994944474 0.099718932 -0.052942008 0.128845656 -0.097368794 0.986872897 1.000130157
0.992785099 0.026070351 -0.117038814 0.070274486 -0.014670380 0.995153982 0.097228252 -0.110934330 0.119006416 -0.094809756 0.988356506 0.921096930
0.994159853 0.027522843 -0.104348839 0.059196279 -0.018329468 0.995946602 0.088059054 -0.142297674 0.106349507 -0.085632117 0.990634606 0.821463447
0.994867814 0.029000606 -0.096938112 0.051945547 -0.021354069 0.996645280 0.079007533 -0.155862103 0.098904178 -0.076532029 0.992149592 0.725751543
0.995335431 0.028256554 -0.092243956 0.058985553 -0.021715193 0.997228314 0.071162765 -0.184310408 0.093999099 -0.068827726 0.993190271 0.643760596
0.995760596 0.028290806 -0.087524084 0.062257964 -0.023003227 0.997882277 0.060842533 -0.195038704 0.089060016 -0.058571260 0.994302630 0.555791360
0.996125201 0.029370295 -0.082897345 0.072156563 -0.025144646 0.998352978 0.051566259 -0.205897330 0.084275328 -0.049282026 0.995223066 0.470450610
0.996628287 0.028785602 -0.076833886 0.080033695 -0.025464655 0.998713195 0.043857797 -0.216697300 0.077997489 -0.041753373 0.996078836 0.392218775
0.997185751 0.029205132 -0.069048090 0.090885387 -0.026734725 0.998978330 0.036435569 -0.215179267 0.070041651 -0.034487048 0.996947747 0.313321203
0.997855620 0.028491437 -0.058927076 0.087632455 -0.026610339 0.999118579 0.032464667 -0.222460462 0.059800101 -0.030826981 0.997734256 0.241245607
0.998398976 0.028103492 -0.049088476 0.062015888 -0.026718949 0.999232710 0.028637213 -0.222794436 0.049855616 -0.027279772 0.998383810 0.171136671
0.998685193 0.027795990 -0.043072823 0.023470914 -0.026560264 0.999226454 0.029000793 -0.236278979 0.043845610 -0.027818637 0.998650933 0.103025214
0.998678195 0.026879568 -0.043810410 -0.004074938 -0.025595683 0.999233831 0.029607646 -0.246437397 0.044572684 -0.028447153 0.998601039 0.041800335
0.998494372 0.024161450 -0.049246454 -0.005941900 -0.022720269 0.999303058 0.029617360 -0.277904208 0.049927731 -0.028453875 0.998347434 -0.012365303
0.998244782 0.022324248 -0.054854199 0.014186220 -0.021064339 0.999503302 0.023440200 -0.294098729 0.055350238 -0.022243590 0.998219201 -0.074713744
0.998146590 0.021073553 -0.057090190 0.054444301 -0.020165913 0.999661669 0.016428149 -0.331614866 0.057417074 -0.015246426 0.998233853 -0.130868914
0.998410335 0.016272276 -0.053963104 0.124801059 -0.016244141 0.999867594 0.000959980 -0.389537695 0.053971580 -0.000081870 0.998542469 -0.164679346
0.999131922 0.015933014 -0.038490798 0.129165023 -0.017010837 0.999467674 -0.027838807 -0.348060675 0.038026753 0.028469401 0.998871092 -0.245246681
0.999613005 0.011451726 -0.025351496 0.163868848 -0.012706922 0.998672515 -0.049917357 -0.366586809 0.024746202 0.050220178 0.998431550 -0.279786989
0.999932309 0.006042418 -0.009943155 0.167164520 -0.006789065 0.997019029 -0.076856778 -0.385521508 0.009449114 0.076919080 0.996992562 -0.346266736
0.999992753 0.002796661 0.002583204 0.193534050 -0.002513099 0.994583108 -0.103914026 -0.372347752 -0.002859823 0.103906781 0.994582929 -0.417815971
0.999843287 0.000637969 0.017691672 0.191538252 0.001663215 0.991545090 -0.129751951 -0.349513462 -0.017624868 0.129761042 0.991388640 -0.485575615
0.999520131 -0.002422558 0.030881044 0.203252035 0.007129089 0.988165450 -0.153226042 -0.313120594 -0.030144382 0.153372668 0.987708530 -0.539213248
0.998920836 -0.004363462 0.046239842 0.179401673 0.012182057 0.985336433 -0.170187282 -0.287050397 -0.044819195 0.170566919 0.984326250 -0.600042981
0.998554156 -0.008495761 0.053079370 0.184179715 0.017902309 0.983622363 -0.179350367 -0.280385448 -0.050686337 0.180041298 0.982352292 -0.680397859
0.998416969 -0.011586365 0.055039188 0.194786636 0.021506402 0.982834644 -0.183230833 -0.270055318 -0.051971442 0.184124468 0.981527967 -0.709378903
0.998303768 -0.012082793 0.056952545 0.194370730 0.022420308 0.982568987 -0.184541367 -0.264070997 -0.053730030 0.185505235 0.981173222 -0.711582624
0.998316600 -0.011653698 0.056816873 0.177200971 0.021933939 0.982712871 -0.183832303 -0.232208103 -0.053692346 0.184769057 0.981314184 -0.702391311
0.998362489 -0.013114056 0.055680896 0.181791458 0.022653682 0.984426967 -0.174328305 -0.219561786 -0.052527624 0.175304218 0.983112038 -0.660522011
0.998447700 -0.010528694 0.054693109 0.175337680 0.019328961 0.986442676 -0.162963918 -0.207615418 -0.052235820 0.163768110 0.985114930 -0.616548895
0.998583588 -0.007775153 0.052634252 0.168566213 0.015556406 0.988701759 -0.149086653 -0.199898420 -0.050880406 0.149694284 0.987422304 -0.530775107
0.998656251 -0.005253369 0.051556703 0.148401383 0.012277881 0.990509426 -0.136895326 -0.207444403 -0.050348238 0.137344380 0.989242931 -0.456716546
0.998736108 0.002168177 0.050214400 0.084477422 0.004207942 0.991954545 -0.126524598 -0.167353959 -0.050084730 0.126575984 0.990691698 -0.390362999
0.999041253 0.008120734 0.043018938 0.077877684 -0.003656270 0.994689328 -0.102858023 -0.129444669 -0.043625761 0.102602119 0.993765364 -0.302631554
0.999321151 0.009371863 0.035628709 0.060146957 -0.006685221 0.997176790 -0.074791420 -0.172191847 -0.036229057 0.074502462 0.996562511 -0.215297478
0.999595520 0.012781163 0.025405489 0.036591829 -0.011320780 0.998320355 -0.056818209 -0.175494288 -0.026089019 0.056507617 0.998061247 -0.133436974
0.999761183 0.015552015 0.015352935 -0.008902975 -0.014970817 0.999193038 -0.037271282 -0.149485607 -0.015920189 0.037032535 0.999187239 -0.028297741
0.999869912 0.015869960 0.002881508 -0.047503444 -0.015815805 0.999714085 -0.017933470 -0.132848784 -0.003165288 0.017885564 0.999835030 0.067832207
0.999819746 0.015758912 -0.010589249 -0.049435937 -0.015756695 0.999875813 0.000292756 -0.152024027 0.010592548 -0.000125852 0.999943889 0.155087250
0.999716562 0.015694207 -0.017902183 -0.080066133 -0.015541022 0.999841693 0.008664050 -0.161127600 0.018035324 -0.008383376 0.999802203 0.223668246
0.999472617 0.018611065 -0.026610442 -0.092656855 -0.018174517 0.999697780 0.016553991 -0.112107675 0.026910487 -0.016061629 0.999508804 0.301223782
0.999116081 0.017243661 -0.038336833 -0.065813043 -0.015918464 0.999274190 0.034607745 -0.145868708 0.038905772 -0.033966891 0.998665405 0.404540671
0.998818707 0.017634609 -0.045279248 -0.073309679 -0.015787350 0.999041152 0.040835479 -0.129347503 0.045955950 -0.040072401 0.998139396 0.509076697
0.998539326 0.017439842 -0.051137709 -0.069918605 -0.014887823 0.998644853 0.049867931 -0.112479688 0.051938099 -0.049033761 0.997445800 0.595586562
0.998519616 0.016119070 -0.051949522 -0.077319510 -0.013034361 0.998162217 0.059180179 -0.117708287 0.052807980 -0.058415441 0.996894655 0.685668225
0.998379885 0.015554042 -0.054732771 -0.080574769 -0.012008683 0.997844245 0.064518640 -0.102664957 0.055618306 -0.063756844 0.996414406 0.774853216
0.998232843 0.014866954 -0.057534037 -0.071693280 -0.010772556 0.997430116 0.070831602 -0.105352971 0.058439231 -0.070086643 0.995827655 0.876193060
0.998193762 0.009427581 -0.059332401 -0.084999420 -0.005176207 0.997434091 0.071403368 -0.085038576 0.059853321 -0.070967280 0.995681287 1.011788827
0.997989516 0.007198671 -0.062969073 -0.066533174 -0.002512654 0.997241507 0.074182630 -0.062200040 0.063329390 -0.073875268 0.995254657 1.106254083
0.998077119 0.007153244 -0.061570243 -0.034200663 -0.002433359 0.997074688 0.076394671 -0.086455229 0.061936600 -0.076097951 0.995174839 1.213305790
0.998507701 0.005821876 -0.054299882 -0.029512623 -0.001972299 0.997497048 0.070680609 -0.041019595 0.054575465 -0.070468037 0.996019967 1.293823839
0.998785691 0.005348518 -0.048974864 -0.000458433 -0.001779417 0.997357244 0.072631689 -0.033910066 0.049233907 -0.072456345 0.996155661 1.429791807
0.999270528 0.003625965 -0.038016642 -0.010223724 -0.001011407 0.997645869 0.068568921 -0.011191947 0.038175774 -0.068480452 0.996921781 1.520305914
0.999479548 0.001230920 -0.032235352 0.006828863 0.000883427 0.997852527 0.065494681 0.007859265 0.032246746 -0.065489072 0.997332106 1.616693249
0.999745434 -0.003546765 -0.022281997 0.012764221 0.004930002 0.998043179 0.062333843 0.057512512 0.022017312 -0.062427825 0.997806597 1.696587331
0.999815706 -0.012534639 -0.014540839 0.012430187 0.013483246 0.997656012 0.067087141 0.088580060 0.013665842 -0.067270835 0.997641158 1.799417725
0.999809676 -0.017482012 -0.008659692 0.016357429 0.018046794 0.997375167 0.070121963 0.134223333 0.007411089 -0.070264897 0.997500837 1.885492543
0.999763350 -0.021165649 -0.005025930 0.017786831 0.021496257 0.996653943 0.078859551 0.164716403 0.003339999 -0.078948928 0.996873067 1.975330869
0.999693877 -0.024682576 -0.001709494 0.026001142 0.024737771 0.995914414 0.086847696 0.196031378 -0.000441116 -0.086863399 0.996220134 2.060080934
0.999645972 -0.026280008 0.004158438 0.008126294 0.025769536 0.995187712 0.094537554 0.232563280 -0.006622874 -0.094396924 0.995512611 2.151821996
0.999529137 -0.030194730 0.005457269 0.002091370 0.029481388 0.994348588 0.101988893 0.263786707 -0.008505954 -0.101779982 0.994770569 2.231171806
0.999480561 -0.031556777 0.006540535 -0.014656759 0.030643220 0.993419276 0.110359119 0.309118587 -0.009980071 -0.110101371 0.993870256 2.304161212
0.999375888 -0.035102479 0.003956009 -0.030632651 0.034335394 0.991595021 0.124741313 0.323840888 -0.008301489 -0.124527630 0.992181412 2.385563353
0.999309565 -0.037125249 0.001452420 -0.042404576 0.036610753 0.990613172 0.131701161 0.345123164 -0.006328225 -0.131557056 0.991288401 2.450154213
0.999287747 -0.037718204 -0.001155419 -0.052611712 0.037511152 0.989533814 0.139340389 0.347230977 -0.004112344 -0.139284485 0.990243869 2.518263458
0.998991686 -0.044716741 -0.004003159 -0.061124391 0.044841326 0.989428424 0.137915370 0.374533063 -0.002206286 -0.137955815 0.990435927 2.566692404
0.998886982 -0.046608211 -0.007243718 -0.068135077 0.047162147 0.989287514 0.138151894 0.415009117 0.000727107 -0.138339758 0.990384563 2.605478614
0.998514106 -0.053360115 -0.011057960 -0.065658661 0.054400392 0.987942821 0.144946820 0.439784548 0.003190253 -0.145333002 0.989377653 2.642353364
0.998373967 -0.055116423 -0.014546543 -0.067697693 0.056701218 0.986451344 0.153943880 0.477547483 0.005864620 -0.154518369 0.987972510 2.663993310
0.998949298 -0.042257673 -0.017736660 -0.038200064 0.044704459 0.983710540 0.174112279 0.473414670 0.010090160 -0.174722247 0.984566059 2.681693610
0.999561771 -0.029017482 -0.005852501 -0.041369073 0.029601196 0.981065458 0.191400984 0.427259028 0.000187712 -0.191490348 0.981494479 2.701287140
0.999778148 -0.020039084 0.006487707 -0.076765344 0.018412587 0.981059298 0.192830572 0.413502680 -0.010228973 -0.192668337 0.981210620 2.696723864
0.999834860 -0.016687661 0.007195472 -0.097200703 0.014999545 0.981342472 0.191681940 0.402174380 -0.010259946 -0.191542357 0.981430720 2.672542427
0.999877133 -0.015465234 0.002558565 -0.114516793 0.014693646 0.981539749 0.190692996 0.366679313 -0.005460445 -0.190631971 0.981646390 2.636917931
0.999894823 -0.012926441 -0.006576547 -0.105838573 0.013912594 0.982981218 0.183178507 0.350639922 0.004096776 -0.183250737 0.983057671 2.568920044
0.999897835 -0.010610865 -0.009577490 -0.108645922 0.012134474 0.984241744 0.176411293 0.333838518 0.007554689 -0.176509488 0.984269946 2.496831873
0.999889169 -0.004476021 -0.014199096 -0.119842751 0.006887619 0.984608291 0.174639838 0.326330446 0.013198856 -0.174718281 0.984529996 2.422244556
0.999785848 0.000548795 -0.020687120 -0.112057714 0.003136415 0.984082317 0.177685556 0.273252289 0.020455342 -0.177712388 0.983869852 2.350119149
0.999680329 0.000050157 -0.025283151 -0.128703605 0.004296890 0.985113642 0.171850662 0.263813969 0.024915396 -0.171904365 0.984798514 2.261059918
0.999318624 0.002359278 -0.036833699 -0.133411751 0.004176942 0.984315033 0.176370261 0.229971926 0.036672070 -0.176403939 0.983634490 2.180424266
0.998721849 0.001828257 -0.050510658 -0.130055116 0.006920930 0.984985886 0.172496104 0.207291891 0.050067652 -0.172625208 0.983714271 2.082651960
0.997929138 0.002639226 -0.064268733 -0.111546087 0.008371163 0.985331483 0.170445861 0.182266870 0.063775851 -0.170630895 0.983268904 1.981783131
0.997383853 0.003725779 -0.072191189 -0.107029645 0.008583412 0.985501595 0.169448904 0.173763133 0.071775862 -0.169625247 0.982891398 1.872707913
0.996809131 0.008279914 -0.079391435 -0.108755067 0.005783172 0.984500368 0.175287137 0.101029165 0.079612259 -0.175186953 0.981311072 1.786119008
0.996196905 0.015823727 -0.085681602 -0.086653864 -0.001444075 0.986234159 0.165348413 0.058064800 0.087118551 -0.164595847 0.982506267 1.663005927
0.996182867 0.023162652 -0.084161670 -0.083559461 -0.009788949 0.987713681 0.155967497 0.059539585 0.086740254 -0.154548294 0.984170185 1.530252796
0.996122314 0.032147253 -0.081895605 -0.078029219 -0.018976425 0.987448653 0.156796217 -0.006307753 0.085908273 -0.154634125 0.984229677 1.428227640
0.996302777 0.039211275 -0.076441171 -0.080674099 -0.027671008 0.988813310 0.146569281 -0.059762774 0.081333216 -0.143912178 0.986242462 1.316801374
0.996574257 0.043670875 -0.070232505 -0.083384824 -0.034409538 0.991170004 0.128054701 -0.024650102 0.075204613 -0.125199350 0.989277205 1.168246778
0.996739309 0.048988028 -0.064116476 -0.090434709 -0.040205325 0.990468304 0.131742444 -0.080819254 0.069959140 -0.128735049 0.989208272 1.075817950
0.996897702 0.050556910 -0.060323885 -0.113912190 -0.042838600 0.991480326 0.123010638 -0.122923515 0.066028983 -0.120044832 0.990570246 0.971316003
0.996818019 0.051098445 -0.061178310 -0.114841226 -0.043997847 0.992704456 0.112258861 -0.125162402 0.066468234 -0.109209942 0.991793911 0.853277615
0.996895855 0.051104603 -0.059891350 -0.100040930 -0.044441659 0.993185395 0.107739086 -0.129978198 0.064989177 -0.104742977 0.992373577 0.746699632
0.996933498 0.053673413 -0.056945278 -0.093943373 -0.047328093 0.993082593 0.107457042 -0.195869697 0.062318951 -0.104432414 0.992577563 0.669492243
0.996978038 0.055730516 -0.054119333 -0.073010153 -0.050332343 0.994064946 0.096444483 -0.237047796 0.059173033 -0.093429079 0.993865966 0.579085440
0.997300974 0.055599890 -0.047952256 -0.066088507 -0.051556443 0.995315020 0.081792085 -0.231304624 0.052275231 -0.079099078 0.995495171 0.476956297
0.997537344 0.055561344 -0.042804020 -0.045587492 -0.052361974 0.995989243 0.072551030 -0.269990362 0.046663377 -0.070131058 0.996445766 0.398830907
0.997630571 0.057956127 -0.037071983 -0.032228790 -0.055655577 0.996625223 0.060337558 -0.317640515 0.040443805 -0.058131330 0.997489372 0.330096562
0.997873574 0.056416711 -0.032641766 0.001154767 -0.055105593 0.997688521 0.039761655 -0.354771785 0.034809537 -0.037878361 0.998675886 0.249995992
0.998160478 0.055986958 -0.023261993 0.011619353 -0.055615067 0.998318599 0.016338257 -0.307023725 0.024137609 -0.015014485 0.999595889 0.163723825
0.998228807 0.057580770 -0.014956755 0.030052218 -0.057538304 0.998337995 0.003254585 -0.314940007 0.015119299 -0.002388235 0.999882845 0.112141942
0.998387750 0.056388763 -0.006496826 0.048041769 -0.056453443 0.998352677 -0.010244065 -0.286554234 0.005908474 0.010594317 0.999926422 0.065901440
0.998555098 0.053736230 0.000366429 0.079390993 -0.053723720 0.998430509 -0.015820263 -0.292793929 -0.001215975 0.015777718 0.999874785 0.048566931
0.998591245 0.052445300 0.008063213 0.086305865 -0.052249667 0.998373476 -0.022811727 -0.243826972 -0.009246466 0.022358290 0.999707262 0.018275528
0.998721576 0.048874048 0.012905086 0.106982542 -0.048637073 0.998652880 -0.018079273 -0.245488170 -0.013771309 0.017428494 0.999753269 0.020049734
0.998866926 0.044282425 0.017433617 0.115516863 -0.044018067 0.998914085 -0.015266305 -0.281606800 -0.018090714 0.014481613 0.999731468 0.031228453
0.998972374 0.040623602 0.020097716 0.129900287 -0.040221601 0.998990244 -0.020017897 -0.225333561 -0.020890621 0.019188964 0.999597602 0.021953409
0.998962268 0.038986227 0.023547002 0.130129400 -0.038697720 0.999171691 -0.012586407 -0.229415092 -0.024018194 0.011662130 0.999643497 0.038217405
0.998928851 0.038541957 0.025606020 0.119686247 -0.038288701 0.999213547 -0.010308381 -0.225755703 -0.025983187 0.009316918 0.999618962 0.052562894
0.999021448 0.036166904 0.025457828 0.115764448 -0.035949071 0.999313428 -0.008963030 -0.197205012 -0.025764515 0.008039074 0.999635715 0.064550310
0.999082468 0.035258719 0.024311429 0.096026814 -0.035175848 0.999373807 -0.003828114 -0.169194395 -0.024431179 0.002969427 0.999697104 0.077244303
0.999101649 0.037933634 0.018892719 0.094691558 -0.038005953 0.999271441 0.003483551 -0.182761944 -0.018746811 -0.004198458 0.999815448 0.098091394
0.999232682 0.036797487 0.013416104 0.116704281 -0.036894633 0.999294174 0.007066762 -0.163166936 -0.013146595 -0.007556322 0.999885028 0.113649136
0.999206130 0.038078061 0.011712035 0.132788959 -0.038226200 0.999188458 0.012695824 -0.162846726 -0.011219098 -0.013133451 0.999850811 0.128385487
0.998906088 0.045205674 0.011961335 0.166198337 -0.045390982 0.998845874 0.015702832 -0.184975823 -0.011237673 -0.016228591 0.999805155 0.149492733
0.998591123 0.050034941 0.017671250 0.187374373 -0.050275477 0.998644952 0.013440133 -0.182678132 -0.016974828 -0.014309628 0.999753514 0.162868431
0.998430748 0.050750106 0.023674211 0.223700412 -0.051001679 0.998647027 0.010146155 -0.191609640 -0.023127262 -0.011337658 0.999668239 0.175684359
0.998211866 0.051337199 0.030619648 0.277152625 -0.051497019 0.998663218 0.004453462 -0.192411269 -0.030350088 -0.006022319 0.999521187 0.197943905
0.997766659 0.055719892 0.036837312 0.349853451 -0.055555384 0.998440595 -0.005475225 -0.171713892 -0.037084947 0.003416486 0.999306277 0.223681356
0.997482955 0.053010853 0.047091434 0.444392142 -0.052483422 0.998545207 -0.012367719 -0.144050338 -0.047678549 0.009865069 0.998814015 0.240374553
0.996894178 0.041490722 0.066936674 0.497892939 -0.040696595 0.999084556 -0.013184710 -0.164337557 -0.067422440 0.010419666 0.997670108 0.262726657
0.995851108 0.042756257 0.080327294 0.536097790 -0.041372673 0.998966686 -0.018811219 -0.169593235 -0.081048588 0.015409818 0.996591021 0.286970872
0.995524862 0.040706035 0.085283455 0.623757131 -0.038684450 0.998933038 -0.025224949 -0.137432364 -0.086219269 0.021812920 0.996037366 0.304254074
0.995154241 0.033945457 0.092280778 0.697784191 -0.031902354 0.999214070 -0.023526195 -0.103744994 -0.093006860 0.020468219 0.995455060 0.318208399
0.994970847 0.034291590 0.094112169 0.780626647 -0.033171366 0.999359278 -0.013442219 -0.110940310 -0.094512824 0.010252787 0.995470847 0.358021337
0.994423057 0.037591681 0.098537556 0.869580252 -0.036875123 0.999278595 -0.009083747 -0.145959988 -0.098807944 0.005399503 0.995091873 0.393283925
0.993523258 0.037063418 0.107414336 0.939496955 -0.035785335 0.999264180 -0.013802477 -0.094435691 -0.107846865 0.009869224 0.994118530 0.403039764
0.993100622 0.035547341 0.111747671 0.999425557 -0.035111826 0.999366189 -0.005863516 -0.089095900 -0.111885276 0.001899397 0.993719315 0.400367423
0.993558392 0.031129294 0.108961872 1.066037429 -0.031879142 0.999478483 0.005146110 -0.077715610 -0.108744852 -0.008586572 0.994032609 0.428693456
0.994353338 0.020264105 0.104167194 1.125080980 -0.022022792 0.999633229 0.015760860 -0.063832050 -0.103809609 -0.017965916 0.994434910 0.456707714
0.995355442 0.007024123 0.096011488 1.215775167 -0.009806039 0.999544729 0.028533764 -0.079001930 -0.095767352 -0.029342730 0.994971165 0.457987198
0.995765638 -0.006516911 0.091696909 1.316465409 0.002998167 0.999255674 0.038459186 -0.079829907 -0.091879292 -0.038021413 0.995044003 0.465398245
0.995833425 -0.019810908 0.089013019 1.414617039 0.015508456 0.998689659 0.048769377 -0.122234972 -0.089862547 -0.047185721 0.994835781 0.475593085
0.995275895 -0.030627301 0.092129588 1.526598864 0.026236753 0.998478736 0.048495831 -0.124230939 -0.093474731 -0.045849550 0.994565379 0.522678160
0.994008767 -0.028566710 0.105501257 1.616370997 0.024317253 0.998848846 0.041347971 -0.139119710 -0.106560984 -0.038534745 0.993559173 0.526475660
0.993024744 -0.024010905 0.115435409 1.677502636 0.020699771 0.999341591 0.029797713 -0.086545457 -0.116074876 -0.027200380 0.992867948 0.524829130
0.991868452 -0.025432462 0.124700298 1.780474684 0.021834852 0.999307392 0.030132619 -0.081718528 -0.125380276 -0.027164782 0.991736790 0.540538440
0.989974243 -0.030248391 0.137971129 1.835440078 0.026539051 0.999237247 0.028646158 -0.052981119 -0.138732391 -0.024697336 0.990021901 0.531207697
0.988754548 -0.037389041 0.144798149 1.944271257 0.033099095 0.998942079 0.031924484 -0.016416190 -0.145838589 -0.026772791 0.988946067 0.533204045
0.985721970 -0.047274417 0.161608565 1.994992583 0.040840235 0.998243952 0.042907899 -0.035297223 -0.163353218 -0.035695127 0.985921693 0.555269021
0.983463867 -0.048573851 0.174468917 2.021294921 0.040866800 0.998034869 0.047500582 -0.047758274 -0.176433349 -0.039585120 0.983516289 0.579880452
0.981896146 -0.053017657 0.181849077 2.072877304 0.044682693 0.997767569 0.049632005 -0.038993372 -0.184074484 -0.040607968 0.982073102 0.575318172
0.979704680 -0.062512217 0.190449371 2.083244594 0.052895404 0.997074783 0.055172041 -0.051851129 -0.193341192 -0.043978410 0.980145440 0.589522206
0.978550841 -0.074010182 0.192251774 2.085403441 0.064235157 0.996328509 0.056598114 -0.077673545 -0.195734760 -0.043034809 0.979712156 0.583220281
0.978792096 -0.086186913 0.185843613 2.099281897 0.077662274 0.995586650 0.052685802 -0.071060148 -0.189564247 -0.037135409 0.981165816 0.565893082
0.979083144 -0.096502292 0.179118690 2.106027500 0.088823593 0.994770208 0.050424233 -0.107182711 -0.183047990 -0.033459551 0.982534423 0.556371629
0.979866661 -0.098128393 0.173873936 2.080734685 0.092475509 0.994897477 0.040339700 -0.114022856 -0.176945210 -0.023448447 0.983941341 0.524259265
0.982223543 -0.093798272 0.162600112 2.057344647 0.090438801 0.995509508 0.027957869 -0.063326727 -0.164492357 -0.012755518 0.986295879 0.492840240
0.984096183 -0.092414945 0.151704255 2.074660383 0.089327954 0.995634766 0.027054178 -0.052047322 -0.153542241 -0.013072483 0.988055611 0.486632164
0.984652002 -0.087217704 0.151173764 2.020792317 0.084242768 0.996106379 0.025985336 -0.064616492 -0.152851532 -0.012851217 0.988165601 0.469246844
0.986293547 -0.075721310 0.146599191 1.962781811 0.072822823 0.997030351 0.025046274 -0.024022238 -0.148060379 -0.014027211 0.988878841 0.455226802
0.987353704 -0.071414668 0.141536595 1.925186734 0.067329602 0.997169900 0.033450189 -0.042547954 -0.143524866 -0.023497565 0.989367716 0.448197841
0.988204671 -0.070633469 0.135876567 1.846910021 0.066765757 0.997228745 0.032820174 -0.044100487 -0.137818221 -0.023361147 0.990182001 0.423233507
0.990490198 -0.063478758 0.122063976 1.782510584 0.060190307 0.997722511 0.030445320 -0.018895984 -0.123718607 -0.022808723 0.992055174 0.394274099
0.991638132 -0.066654246 0.110503514 1.728747847 0.062998080 0.997354802 0.036257982 0.038872759 -0.112627959 -0.028993289 0.993214142 0.380150204
0.991338078 -0.077744836 0.105851574 1.641691896 0.072051520 0.995794075 0.056592751 0.013211936 -0.109806165 -0.048475782 0.992770217 0.397206734
0.991204596 -0.084147512 0.102140324 1.512317020 0.077290994 0.994595038 0.069331185 -0.085982313 -0.107422306 -0.060826862 0.992351017 0.407023373
0.992525067 -0.084950080 0.087621203 1.394691239 0.079775812 0.994947114 0.060959494 -0.047925665 -0.092356977 -0.053513773 0.994286913 0.408917739
0.994099619 -0.084146453 0.068449415 1.299199810 0.079959868 0.994882663 0.061764922 -0.001610688 -0.073296435 -0.055927280 0.995740816 0.406017989
0.995289101 -0.083460310 0.049335406 1.235384836 0.079916012 0.994347112 0.069908880 -0.040721676 -0.054891136 -0.065636858 0.996332658 0.396891040
0.996461256 -0.077000613 0.033702673 1.163630712 0.074521171 0.994794623 0.069500020 -0.031375458 -0.038878782 -0.066742515 0.997012476 0.376863452
0.997552694 -0.065671392 0.023997742 1.080177049 0.063709507 0.995148301 0.074973050 -0.015979369 -0.028804897 -0.073260684 0.996896760 0.372603517
0.998038521 -0.060194015 0.017198602 1.015211896 0.058595972 0.994922407 0.081828583 -0.035251237 -0.022036866 -0.080660309 0.996498014 0.376465506
0.998526577 -0.052616689 0.013272480 0.924453612 0.051344749 0.995250566 0.082704462 -0.056631807 -0.017561078 -0.081901131 0.996485732 0.373958164
0.998820745 -0.047236545 0.011217285 0.832004334 0.046263821 0.996098422 0.075150464 -0.030209930 -0.014723368 -0.074542888 0.997109111 0.383317408
0.998823454 -0.047545708 0.009545303 0.754449068 0.046716229 0.996187946 0.073669332 -0.018201124 -0.013011577 -0.073136736 0.997237041 0.369820003
0.999039359 -0.043007848 0.008407371 0.652068809 0.042281840 0.996437956 0.072963319 -0.008863342 -0.011515419 -0.072537748 0.997299188 0.359384399
0.999145830 -0.041045598 0.004782287 0.581559310 0.040588719 0.996514934 0.072873468 0.006148523 -0.007756756 -0.072617115 0.997329729 0.334472043
0.998964233 -0.045122834 0.005864373 0.471762787 0.044544928 0.996088285 0.076314330 0.021155478 -0.009284952 -0.075974059 0.997066564 0.323064653
0.999075821 -0.042931462 0.002096072 0.364315807 0.042620228 0.995793230 0.081113251 0.035588594 -0.005569565 -0.080948953 0.996702687 0.312905727
0.999112558 -0.041775946 -0.005372834 0.290428065 0.042091143 0.994994551 0.090632104 0.035600777 0.001559699 -0.090777822 0.995869949 0.325867893
0.999091172 -0.041711361 -0.008774529 0.214417321 0.042365526 0.994405992 0.096756836 0.034406738 0.004689585 -0.097040638 0.995269372 0.346316474
0.999160099 -0.039925173 -0.009223724 0.110899490 0.040650016 0.994125290 0.100311932 0.047582855 0.005164566 -0.100602625 0.994913282 0.345886831
0.999135108 -0.038998626 -0.014427158 0.023314073 0.040324505 0.993408345 0.107302348 0.051105736 0.010147415 -0.107791311 0.994121755 0.364848736
0.999244588 -0.034292532 -0.018283232 -0.095940451 0.036153664 0.992857373 0.113697621 0.062063363 0.014253662 -0.114272739 0.993347157 0.388917798
0.999283750 -0.023952055 -0.029296535 -0.183958703 0.027273148 0.992544804 0.118789678 0.035234037 0.026232867 -0.119503603 0.992487141 0.414339532
0.999187080 -0.016527125 -0.036770014 -0.253425162 0.020760838 0.992806697 0.117914584 0.090211651 0.034556727 -0.118582105 0.992342742 0.415868698
0.999253253 -0.004944062 -0.038320905 -0.361598529 0.009770032 0.991881107 0.126792808 0.091736013 0.037382910 -0.127072522 0.991188727 0.460473687
0.999066666 0.009711354 -0.042089021 -0.449152408 -0.004135475 0.991427573 0.130591983 0.107479656 0.042996441 -0.130296039 0.990542401 0.486176879
0.998767437 0.023027776 -0.043969637 -0.526661160 -0.016837368 0.990524806 0.136297881 0.106997226 0.046691653 -0.135389552 0.989691648 0.507006226
0.998478606 0.033270895 -0.043971813 -0.614470750 -0.026841359 0.989861468 0.139476935 0.126475334 0.048166525 -0.138084472 0.989248535 0.521218486
0.998039441 0.043358760 -0.045136381 -0.715043832 -0.036203809 0.988209619 0.148765026 0.129845987 0.051054473 -0.146839255 0.987841928 0.547769065
0.996805180 0.052905287 -0.059836975 -0.861005811 -0.043093958 0.987008348 0.154781885 0.140646988 0.067248374 -0.151708773 0.986134932 0.572992227
0.996263329 0.057607839 -0.064348393 -0.945297790 -0.046368391 0.985332193 0.164226798 0.122842617 0.072865294 -0.160629405 0.984321514 0.597682415
0.995736362 0.056536111 -0.072888720 -1.014595290 -0.043814650 0.985214628 0.165627333 0.113816818 0.081174958 -0.161727564 0.983491139 0.614354031
0.994281653 0.061295943 -0.087445991 -1.147453691 -0.046995182 0.986460594 0.157120809 0.118759568 0.095892892 -0.152112797 0.983700285 0.614497557
0.993250322 0.063854118 -0.096832072 -1.218921815 -0.048415782 0.986861321 0.154144885 0.138082339 0.105402612 -0.148416256 0.983291871 0.610699851
0.991616565 0.070896822 -0.108028834 -1.292823414 -0.053923784 0.986809079 0.152643594 0.143118197 0.117425780 -0.145538593 0.982359254 0.616154770
0.989783941 0.076462954 -0.120337718 -1.370788300 -0.057982843 0.986953648 0.150201485 0.182211691 0.130252599 -0.141689495 0.981304411 0.592624922
0.987784786 0.086575161 -0.129560631 -1.454515368 -0.065400480 0.985015053 0.159587349 0.192206004 0.141435472 -0.149164628 0.978644941 0.591875642
0.984903748 0.098735011 -0.142183000 -1.536240650 -0.074429711 0.983122131 0.167125979 0.179640895 0.156284439 -0.154020364 0.975629490 0.611675522
0.981805704 0.107076040 -0.156819264 -1.605745293 -0.080470923 0.982643691 0.167140083 0.200712529 0.171994159 -0.151479696 0.973381688 0.617422300
0.978992739 0.114873819 -0.168455405 -1.676208440 -0.085941654 0.981692379 0.169982659 0.229654678 0.184897945 -0.151934453 0.970942157 0.605659563
0.975784962 0.126284473 -0.178594347 -1.740344337 -0.094012921 0.979372797 0.178858870 0.256147614 0.197497543 -0.157737619 0.967529619 0.604724047
0.973207893 0.134195207 -0.186703086 -1.784243650 -0.098551995 0.977098408 0.188590047 0.241570062 0.207735169 -0.165137361 0.964145089 0.652535523
0.971585416 0.139784305 -0.191002950 -1.841811513 -0.104034871 0.977054767 0.185851358 0.241563291 0.212599446 -0.160699502 0.963834605 0.661975265
0.969986929 0.144444590 -0.195604494 -1.886338016 -0.108103606 0.976737295 0.185196834 0.272019762 0.217804885 -0.158492957 0.963037390 0.632807619
0.968675203 0.146447788 -0.200552729 -1.912393634 -0.107463795 0.975273902 0.193112268 0.261397382 0.223874707 -0.165510908 0.960461480 0.650113362
0.967628176 0.149260670 -0.203511585 -1.948564082 -0.109436904 0.974762454 0.194580891 0.256078927 0.227418726 -0.166010275 0.959542241 0.652084433
0.966527774 0.151290962 -0.207207882 -1.965891429 -0.111081431 0.974775579 0.193580697 0.272138768 0.231268192 -0.164084172 0.958953288 0.646865013
0.965883603 0.155027886 -0.207449321 -1.985175902 -0.114378504 0.974039372 0.195358285 0.274189551 0.232349788 -0.164965621 0.958540515 0.644200071
0.964453102 0.159371777 -0.210786270 -2.003503660 -0.117158233 0.972866821 0.199509641 0.270493387 0.236863174 -0.167722345 0.956956139 0.650767884
0.963256029 0.159581616 -0.216035945 -1.992893014 -0.116647038 0.973093432 0.198702394 0.279604098 0.241932409 -0.166201326 0.955952838 0.661814443
0.962469598 0.161081164 -0.218415043 -1.987639269 -0.117366646 0.972703870 0.200180547 0.283853980 0.244698473 -0.167033050 0.955103459 0.661852296
0.961235670 0.161953556 -0.223152487 -1.965117740 -0.117450787 0.972723767 0.200034459 0.287189326 0.249462020 -0.166070822 0.954038355 0.671112157
0.968917858 0.154460623 -0.193235868 -1.819803164 -0.115379487 0.973118759 0.199317472 0.327853324 0.218828149 -0.170826802 0.960693731 0.684651554
0.970773531 0.147964143 -0.188958628 -1.770073653 -0.109503813 0.973684392 0.199869006 0.330740220 0.213559513 -0.173335851 0.961429674 0.725968961
0.971970834 0.143886476 -0.185928424 -1.703557945 -0.106592023 0.974593343 0.196992276 0.316641951 0.209549129 -0.171652260 0.962613455 0.735256971
0.973368030 0.144352127 -0.178093069 -1.639071305 -0.110400683 0.976002780 0.187697264 0.348699289 0.200913830 -0.163036920 0.965946477 0.763046490
0.977402898 0.137408967 -0.160631102 -1.585698487 -0.107119883 0.977068763 0.184016204 0.337807270 0.182233108 -0.162651186 0.969709073 0.736579023
0.978544431 0.134573539 -0.156015251 -1.533798644 -0.104596784 0.976859007 0.186563645 0.295737065 0.177511433 -0.166242122 0.969975901 0.745066766
0.979616345 0.129495692 -0.153566541 -1.449816502 -0.102154404 0.979392850 0.174224347 0.313880461 0.172963275 -0.154985519 0.972657799 0.768341641
0.982275259 0.121871963 -0.142416784 -1.407394910 -0.096984847 0.980619346 0.170234070 0.293402293 0.160403414 -0.153404445 0.975057855 0.710939737
